1 1 0.43657303125 0.7353889171875 0.327060159375 0.616974796875 0.294701634375 0.5960137046875 0.300448909375 0.5965138703124999 0.308257046875 0.6979598828125 0.348157209375 1 0.44640382343749996 1 0.43657303125
1 0.0148090765625 0.3179568109375 0.025429353124999998 0.3227293390625 0.157189553125 0.3212726 0.5633237375 0.30471716249999997 0.5669415984375 0.30065542343749996 0.5544624781249999 0.287464196875 0.01473070625 0.3162741578125 0.0148090765625 0.3179568109375
1 0.7666826062500001 0.14964270625 0.7552038140625 0.152067753125 0.6303167109375 0.23055100624999997 0.63368865625 0.25292056406249996 0.660889309375 0.253768903125 0.67024656875 0.248494640625 0.7670577296875 0.155498809375 0.7666826062500001 0.14964270625
2 0.546509828125 0.5265583890625 0.5606061546875 0.5044553296875 0.5267949828125 0.521490640625 0.49871904218749996 0.5069780625 0.4932338921875 0.54243001875 0.2557929421875 0.5589588937500001 0.501469946875 0.5499228140625 0.7057290953125 0.5905247859375 0.5223059984375 0.5422235046874999 0.589682425 0.5345841796874999 0.9689910796874999 0.5230365078125 0.979844665625 0.510851290625 0.9757266390625 0.50710489375 0.546509828125 0.5265583890625
2 1 0.754947746875 0.5509112609375 0.776891771875 0.5361855640625001 0.758899296875 0.5047418421875001 0.7523525265625 0.44683521718749997 0.665663528125 0.464561903125 0.7305048234375 0.5026244734375 0.7798386749999999 0.503624803125 0.7954549484375 0.2382454484375 0.8904293734375001 0.270935415625 0.886161121875 0.39270898593750003 0.8498831078125001 0.5254611828125 0.8033719125 0.8700917078125 0.855866040625 0.8618556515625 0.848373246875 0.5460471515624999 0.7917685359375 1 0.7741644953125 1 0.754947746875
2 0.8411655515625001 0.1015925046875 0.491179084375 0.11683773125000001 0.584005590625 0.082718265625 0.4466352015625 0.117674928125 0.41893438437499997 0.109018453125 0.4082058375 0.12315570468749999 0.2337690421875 0.0940594234375 0.4145704390625 0.1317033515625 0.44153350625 0.2196537171875 0.44327158593749993 0.1559761015625 0.430167259375 0.133024703125 0.43952451875 0.12775044062500002 0.8420408390624999 0.11525674374999999 0.8456587015625001 0.11119500468750002 0.8411655515625001 0.1015925046875
1 0.44540145156250005 0.21949604687500002 0.44327158593749993 0.1559761015625 0.43004221875 0.13107266875 0.4203098359375 0.1304908296875 0.42031400156250004 0.16082619375 0.44540145156250005 0.21949604687500002
1 0.48157174375 0.11820792499999999 0.5879985765625 0.0845126296875 0.48843234375 0.10422834375000001 0.44863169375 0.118572109375 0.48157174375 0.11820792499999999
1 0.3499365859375 0.1216166984375 0.41244890625 0.1288541359375 0.384623046875 0.11824562812499999 0.22990109687500002 0.0942170953125 0.3499365859375 0.1216166984375
1 0.5110772859375 0.5485526203125 0.7057290953125 0.5905247859375 0.571468071875 0.5529408421875 0.5282954765625 0.54491505 0.5110772859375 0.5485526203125
1 0.2557929421875 0.5589588937500001 0.5129487375 0.54749776875 0.50096978125 0.5421146765625 0.4545544453125 0.5440067265625 0.2557929421875 0.5589588937500001
1 0.5101144453125 0.8059546296875 0.5056212953125 0.79635213125 0.4713099578125 0.8055793031249999 0.2382454484375 0.8904293734375001 0.400319834375 0.8476157328125 0.5101144453125 0.8059546296875
1 0.5443007421875 0.794775421875 0.53494348125 0.800049684375 0.619542265625 0.8191081546874999 0.8700917078125 0.855866040625 0.8658486390625001 0.8501676093749999 0.6301457687500001 0.8030188671875 0.5443007421875 0.794775421875
1 0.504495925 0.7787838218750001 0.507113459375 0.7591058109375 0.44683521718749997 0.665663528125 0.46905505312500007 0.7401073234375 0.504495925 0.7787838218750001