1 0.2431640625 0.3430971140625 0.220703125 0.426672053125 0.21875 0.4530641375 0.22265625 0.4530641375 0.23046875 0.4442667765625 0.234375 0.42960450625 0.244140625 0.36215806562499997 0.2431640625 0.3430971140625
1 0.220703125 0.48238867656249995 0.23046875 0.5205105796875 0.275390625 0.60555174375 0.291015625 0.626078921875 0.279296875 0.590889475 0.240234375 0.50291585625 0.2236328125 0.4750575421875 0.220703125 0.48238867656249995
2 0.224609375 0.50291585625 0.236328125 0.5322403953125 0.28515625 0.6231464671875 0.291015625 0.626078921875 0.283203125 0.5996868359375 0.22265625 0.46772640781249997 0.22265625 0.45599659218750005 0.234375 0.42960450625 0.244140625 0.36215806562499997 0.2431640625 0.34602956875 0.2138671875 0.454530365625 0.1884765625 0.44280055 0.1298828125 0.4340031875 0.10546875 0.4354694140625 0.1513671875 0.454530365625 0.19921875 0.46479395312499994 0.19140625 0.49411849218750004 0.205078125 0.5117132171875001 0.203125 0.84601296875 0.2060546875 0.8504116500000001 0.21484375 0.8489454234375 0.21484375 0.49411849218750004 0.2177734375 0.4867873578125 0.22265625 0.48825358437500005 0.224609375 0.50291585625
1 0.10546875 0.43253696093749994 0.1103515625 0.4398680953125 0.1513671875 0.454530365625 0.1845703125 0.4633277265625 0.205078125 0.46186150000000004 0.208984375 0.4589290453125 0.2041015625 0.4515979109375 0.1865234375 0.44280055 0.10546875 0.43253696093749994
1 0.517578125 0.48238867656249995 0.513671875 0.5058483093749999 0.521484375 0.5087807640625 0.53125 0.48825358437500005 0.541015625 0.41787468906249997 0.5400390625 0.4017461921875 0.517578125 0.48238867656249995
1 0.4345703125 0.5073145359375 0.5 0.5205105796875 0.505859375 0.514645671875 0.4873046875 0.5014496281249999 0.40234375 0.49118603906249997 0.4345703125 0.5073145359375
1 0.529296875 0.5820921125 0.576171875 0.67006573125 0.5849609375 0.6832617734374999 0.587890625 0.681795546875 0.5390625 0.5644973875 0.5205078125 0.5307741671875 0.517578125 0.54103775625 0.529296875 0.5820921125
2 0.576171875 0.67006573125 0.5849609375 0.6832617734374999 0.587890625 0.681795546875 0.578125 0.6524710078125 0.51953125 0.5263754875 0.51953125 0.5117132171875001 0.53125 0.48825358437500005 0.541015625 0.42080714375 0.5400390625 0.4017461921875 0.529296875 0.43253696093749994 0.515625 0.4999834015625 0.5087890625 0.5131794453125 0.4755859375 0.49851717500000003 0.40234375 0.49118603906249997 0.4345703125 0.5073145359375 0.49609375 0.5234430328124999 0.48828125 0.552767571875 0.4931640625 0.5630311609375 0.5 0.5644973875 0.5 0.84601296875 0.51171875 0.84601296875 0.51171875 0.54983511875 0.5166015625 0.5425039828125 0.529296875 0.5820921125 0.576171875 0.67006573125
2 0.8203125 0.6143491062499999 0.841796875 0.6612683703125 0.8486328125 0.6715319578125001 0.853515625 0.67006573125 0.853515625 0.6612683703125 0.791015625 0.5263754875 0.791015625 0.5117132171875001 0.802734375 0.48532113125 0.8125 0.41787468906249997 0.8115234375 0.4017461921875 0.8046875 0.4149422359375 0.787109375 0.4999834015625 0.7802734375 0.5131794453125 0.7451171875 0.49851717500000003 0.673828125 0.49118603906249997 0.7060546875 0.5073145359375 0.767578125 0.5234430328124999 0.759765625 0.5439702109375 0.759765625 0.5557000265625 0.7734375 0.5703622953124999 0.771484375 0.6905929093750001 0.7744140625 0.7037889515625 0.78125 0.7023227249999999 0.78125 0.5557000265625 0.7880859375 0.5425039828125 0.798828125 0.5791596593749999 0.8203125 0.6143491062499999
2 0.138671875 0.7492419890625001 0.107421875 0.67886309375 0.11328125 0.6612683703125 0.1162109375 0.6187477875 0.10546875 0.6642008234375 0.1005859375 0.6715319578125001 0.0947265625 0.6656670515625 0.052734375 0.6612683703125 0.095703125 0.67886309375 0.09765625 0.8518778765624999 0.103515625 0.8518778765624999 0.103515625 0.6935253625 0.1064453125 0.6891266828125 0.12890625 0.7375121734375 0.138671875 0.7492419890625001
2 0.375 0.6935253625 0.384765625 0.6436736453125 0.3837890625 0.6275451484375 0.3701171875 0.6832617734374999 0.3583984375 0.6773968671875 0.31640625 0.6729981859375 0.361328125 0.6905929093750001 0.357421875 0.7023227249999999 0.365234375 0.7111200859375 0.365234375 0.84601296875 0.37109375 0.84601296875 0.3720703125 0.7008564984375 0.40234375 0.7639042578125 0.408203125 0.7668367125 0.375 0.6935253625
2 0.634765625 0.7609718046875 0.640625 0.74337708125 0.6416015625 0.7184512203125 0.6318359375 0.7565731234374999 0.591796875 0.7492419890625001 0.5927734375 0.75364066875 0.625 0.7639042578125 0.623046875 0.7756340734375 0.62890625 0.7814989812500001 0.626953125 0.84601296875 0.6328125 0.84601296875 0.6337890625 0.7712353937499999 0.65625 0.819620884375 0.66015625 0.819620884375 0.634765625 0.7609718046875
1 0.7255859375 0.5131794453125 0.771484375 0.5205105796875 0.77734375 0.514645671875 0.7587890625 0.5014496281249999 0.671875 0.49118603906249997 0.7255859375 0.5131794453125
1 0.787109375 0.49118603906249997 0.78515625 0.5087807640625 0.79296875 0.5087807640625 0.802734375 0.48532113125 0.8115234375 0.4017461921875 0.802734375 0.42373959843750003 0.787109375 0.49118603906249997
1 0.7880859375 0.5425039828125 0.798828125 0.5791596593749999 0.841796875 0.6612683703125 0.85546875 0.6759306390625001 0.853515625 0.6612683703125 0.791015625 0.5263754875 0.791015625 0.5117132171875001 0.802734375 0.48532113125 0.8125 0.41787468906249997 0.8115234375 0.4017461921875 0.8046875 0.4149422359375 0.78515625 0.5058483093749999 0.7802734375 0.5131794453125 0.7490234375 0.49851717500000003 0.673828125 0.49118603906249997 0.7041015625 0.5073145359375 0.767578125 0.5263754875 0.759765625 0.5439702109375 0.759765625 0.5557000265625 0.7734375 0.5703622953124999 0.771484375 0.6759306390625001 0.7734375 0.7023227249999999 0.779296875 0.7023227249999999 0.783203125 0.6729981859375 0.78125 0.5644973875 0.783203125 0.54983511875 0.7880859375 0.5425039828125