1 0.5275948234375 0.777128840625 0.5540562671875 0.776251778125 0.6387972328125 0.7572107703125 0.6198249890625 0.75545886875 0.5519236890625 0.7624709171874999 0.5370588453125 0.76577720625 0.5278219546875 0.773225565625 0.5275948234375 0.777128840625
1 0.3786560390625 0.714322684375 0.4609427453125 0.762672875 0.49843296718749996 0.7739832296875 0.505922171875 0.771354265625 0.47907582968750007 0.7536310703125 0.3935208828125 0.7110163953125 0.359071771875 0.6978738 0.3786560390625 0.714322684375
2 0.5131842437499999 0.772628578125 0.3849653890625 0.7067549265624999 0.359071771875 0.6978738 0.36165861875 0.7038481109375 0.449573275 0.7563403734375 0.47816729999999996 0.7692441718749999 0.49269144843749996 0.771792796875 0.493871303125 0.7767315890625001 0.48638209843749997 0.7793605515625 0.13214948437500001 0.7649134734375 0.13017466718749998 0.77363614375 0.1343956328125 0.776742696875 0.468249015625 0.78840235625 0.48501930781249997 0.8027802046874999 0.5147489937499999 0.796167628125 0.5222130218750001 0.84440064375 0.5385732453125 0.8910402124999999 0.5414565921875 0.8667044390624999 0.5360809453125001 0.8077971156249999 0.5258471359375 0.7819482359375 0.6358696890625 0.757091371875 0.6198249890625 0.75545886875 0.5519236890625 0.7624709171874999 0.5248944109375 0.7731061671874999 0.5131842437499999 0.772628578125
1 0.5211719078125 0.7866482343750001 0.5180172328125 0.7904321125 0.51536101875 0.8108646109375 0.5222130218750001 0.84440064375 0.534465846875 0.8859820218750001 0.5415007859375 0.8911596109375 0.5359673796875 0.8097487546875 0.5282068484375 0.7918258218750001 0.5211719078125 0.7866482343750001
1 0.5975084265625 0.4581738875 0.5814637281249999 0.4565413828125 0.5106348828125 0.4634340359375 0.4895742546875 0.47235644218750006 0.49204753281249997 0.4802823890625 0.5156950046875 0.47733429374999997 0.5975084265625 0.4581738875
1 0.476614859375 0.4933468671875 0.4859843375 0.55926401875 0.50021198125 0.592122728125 0.49490570624999997 0.506808596875 0.48281064218749997 0.4877307484375 0.476614859375 0.4933468671875
1 0.3190763875 0.40182407343750004 0.3317392796875 0.41114372968749996 0.4168399625 0.46156495781249995 0.457144159375 0.47494634687500004 0.46756090625 0.4724367796875 0.434973046875 0.452523153125 0.3207105078125 0.398956315625 0.3190763875 0.40182407343750004
2 0.486533146875 0.47418868124999997 0.47189543437500003 0.47359169687499997 0.3494181 0.4099084765625 0.3207105078125 0.398956315625 0.3190763875 0.40182407343750004 0.3317392796875 0.41114372968749996 0.4168399625 0.46156495781249995 0.45562360625 0.4758624671875 0.448020834375 0.48044306875 0.152339065625 0.468383934375 0.15165766875 0.48009376093749995 0.43270172812499996 0.49155590625 0.4337680171875 0.49844633906249997 0.4437305 0.5037433234375001 0.4734601859375 0.4971307453125 0.4859843375 0.55926401875 0.50021198125 0.592122728125 0.49715185 0.5186378203124999 0.4844447609375 0.48486299062500005 0.49801618437500006 0.4785695484375 0.5661446171875 0.46765422343749996 0.5975084265625 0.4581738875 0.578536184375 0.45642198437500003 0.5106348828125 0.4634340359375 0.486533146875 0.47418868124999997
2 0.5293481046874999 0.19227578750000002 0.5023188265625 0.2029110375 0.48768111562499994 0.2023140515625 0.35664828437499996 0.134369365625 0.3478656578125 0.1340111734375 0.3461179734375 0.13883056875 0.35596688906249996 0.14607919062500002 0.40155833750000003 0.1694575640625 0.4354396171875 0.1923583484375 0.47140928437499996 0.204584821875 0.4578378625 0.21087826718749997 0.31146075 0.20490839843750003 0.3095994984375 0.2116794328125 0.3226030890625 0.2151441765625 0.4427458890625 0.2180878296875 0.4565886359375 0.23234628124999998 0.46829880625 0.2328238703125 0.48924586562499994 0.2258531015625 0.50177001875 0.287986375 0.515997659375 0.3208450828125 0.512823965625 0.2493118125 0.5002304421875 0.21358534687500003 0.5138018625 0.207291903125 0.5997226828125 0.1931896875 0.6132941062499999 0.1868962421875 0.59724940625 0.1852637375 0.5293481046874999 0.19227578750000002
2 0.12240798125 0.8818923406250001 0.2950194078125 0.890888421875 0.3100862078125 0.934540834375 0.3081365640625 0.892401528125 0.302622178125 0.8863078203124999 0.31022494843750004 0.88172721875 0.3562264671875 0.8728438703125001 0.3136067546875 0.8740400656249999 0.295700803125 0.8791785937500001 0.22725684531249998 0.845086853125 0.23839918437500002 0.85532263125 0.2853976234375 0.8797365234375001 0.2808359609375 0.8824848828125 0.12274867812500001 0.8760374265624999 0.12240798125 0.8818923406250001
2 0.1438216125 0.6147567656249999 0.2784885578125 0.62024904375 0.28681691875 0.6284137859375 0.29875421874999997 0.6249881 0.31370745312500004 0.6705921515625 0.31175780937500003 0.62845284375 0.3065841234375 0.6165042234375 0.3630023890625 0.605111309375 0.3469576890625 0.6034788046874999 0.296621640625 0.6112072375000001 0.22536370468750003 0.5750444625 0.2279505515625 0.581018775 0.289132434375 0.6138362015625 0.1441623109375 0.6089018515625 0.1438216125 0.6147567656249999
2 0.1590394625 0.353237309375 0.22355895937499998 0.35391241406249996 0.2290733453125 0.36000612187500003 0.2408970796875 0.35853207187499997 0.2492696375 0.3911519859375 0.2536041671875 0.3923069 0.248613415625 0.35199983281249997 0.287239296875 0.3437938109375 0.262298403125 0.343754753125 0.2443924515625 0.34889328124999996 0.1873179640625 0.3211340421875 0.18709083124999998 0.32503731875 0.23408927031250001 0.349451209375 0.159380159375 0.34738239531250004 0.1590394625 0.353237309375
1 0.49240053906250003 0.222069221875 0.4970505921875 0.268231203125 0.51588409375 0.3227967203125 0.5106913843750001 0.2355309515625 0.498596321875 0.2164531046875 0.49240053906250003 0.222069221875
1 0.590826490625 0.19478313281249998 0.6132941062499999 0.1868962421875 0.5293481046874999 0.19227578750000002 0.505359934375 0.201078796875 0.5049056703125 0.2088853484375 0.522584490625 0.2076500953125 0.590826490625 0.19478313281249998
1 0.5293481046874999 0.19227578750000002 0.5023188265625 0.2029110375 0.48768111562499994 0.2023140515625 0.35664828437499996 0.134369365625 0.3421241390625 0.131820740625 0.35596688906249996 0.14607919062500002 0.4354396171875 0.1923583484375 0.47140928437499996 0.204584821875 0.4638065125 0.2091654234375 0.4490552375 0.21052007343749998 0.3408497375 0.20415073437500003 0.31134718437500003 0.2068600359375 0.3110064859375 0.2127149484375 0.3372408 0.2157411625 0.4427458890625 0.2180878296875 0.4565886359375 0.23234628124999998 0.46829880625 0.2328238703125 0.48631832187499996 0.22573370312500002 0.5016564515625 0.28993801406249997 0.515997659375 0.3208450828125 0.5130510953125 0.2454085359375 0.5002304421875 0.21358534687500003 0.5078332140625 0.2090047453125 0.5997226828125 0.1931896875 0.6132941062499999 0.1868962421875 0.59724940625 0.1852637375 0.5293481046874999 0.19227578750000002