1 0.45290638124999993 0.22863328906249997 0.426449496875 0.22951052968750002 0.342006534375 0.24855540625 0.361017071875 0.2503076640625 0.42882353906250004 0.243294190625 0.4436366984375 0.2399872296875 0.45274730312499994 0.23253735781249998 0.45290638124999993 0.22863328906249997
1 0.60300218125 0.29145220312500003 0.51983791875 0.243092190625 0.48213500312499996 0.2317795390625 0.47468865468750004 0.2344090375 0.501855325 0.25213583125 0.5881890234375 0.29475916406249997 0.6228815812499999 0.30790442812499996 0.60300218125 0.29145220312500003
2 0.467401384375 0.233134465625 0.5968223921875 0.299021496875 0.6228815812499999 0.30790442812499996 0.62018938125 0.301928903125 0.5313225640625 0.24942598125 0.5024916390625 0.2365195609375 0.48791709531249994 0.23397041718749997 0.4866505375 0.229030621875 0.49409688437500004 0.2264011234375 0.8487256406249999 0.24085113906250002 0.8505489765625001 0.2321266953125 0.8462720609375 0.2290195125 0.5120794796875 0.2173574828125 0.49505135781250004 0.2029767125 0.4654250390625 0.20959063437499997 0.45711589531249996 0.16134782187500002 0.4399347640625 0.1146987796875 0.437475115625 0.13903949531249998 0.44388138593750004 0.197958784375 0.4545706390625 0.223812915625 0.344937353125 0.24867482812500002 0.361017071875 0.2503076640625 0.42882353906250004 0.243294190625 0.45567811875 0.2326567796875 0.467401384375 0.233134465625
1 0.459165709375 0.21911196249999998 0.46225560468750004 0.21532731562500002 0.46455617499999996 0.1948906671875 0.45711589531249996 0.16134782187500002 0.444132140625 0.119757996875 0.43700395 0.11457935781249999 0.443960925 0.1960067515625 0.4520375171875 0.2139333234375 0.459165709375 0.21911196249999998
1 0.3885328828125 0.5476530281249999 0.404612603125 0.549285865625 0.4753498875 0.5423918140625 0.49626329843750006 0.53346759375 0.49365063749999993 0.525540034375 0.4700450296875 0.5284887312500001 0.3885328828125 0.5476530281249999
1 0.5088614953125 0.5124729046875001 0.49833738906249997 0.4465423640625 0.48353029843749995 0.41367698124999996 0.49032819375000003 0.4990084421875 0.5027612453125 0.5180901640625 0.5088614953125 0.5124729046875001
1 0.66806183125 0.6040142890625 0.6552310859375 0.5946927375 0.56921554375 0.5442612703124999 0.5286613531250001 0.5308771625 0.5182841875 0.5333872375 0.5512329499999999 0.5533049125 0.6664771140625 0.6068826296875 0.66806183125 0.6040142890625
2 0.49927365312500005 0.5316349796875001 0.513927734375 0.5322320890625 0.63756665 0.59592824375 0.6664771140625 0.6068826296875 0.66806183125 0.6040142890625 0.6552310859375 0.5946927375 0.56921554375 0.5442612703124999 0.5301665296875 0.5299608578125 0.5376924203125 0.5253793250000001 0.8337048499999999 0.53744090625 0.8341820859375 0.525728703125 0.5528237359375 0.514264228125 0.551636715625 0.507372396875 0.5415777078125 0.5020743375000001 0.5119513890625 0.5086882578125 0.49833738906249997 0.4465423640625 0.48353029843749995 0.41367698124999996 0.4878746140625 0.487176815625 0.5011765296874999 0.5209585046874999 0.48770946718749997 0.5272532265625001 0.41974392031249996 0.5381707687499999 0.3885328828125 0.5476530281249999 0.4075434203125 0.5494052859375 0.4753498875 0.5423918140625 0.49927365312500005 0.5316349796875001
2 0.46136310937499997 0.8136051390624999 0.4882176921875 0.8029677281250001 0.502871771875 0.8035648359374999 0.6351440578124999 0.8715233234375 0.64393650625 0.8718815875000001 0.6456007609375 0.8670612125 0.6356212921875 0.85981111875 0.589603165625 0.8364279968749999 0.5553083062499999 0.8135225625 0.5191105671875 0.8012936046875 0.532577628125 0.79499888125 0.6791184359375 0.8009699625 0.6808622328125 0.794197553125 0.66779286875 0.7907321046875 0.547549865625 0.787787853125 0.5334525609375 0.77352650625 0.521729296875 0.77304881875 0.5008954265625001 0.7800210046875 0.4872814265625 0.7178751109375 0.4724743359375 0.685009728125 0.47689819218749996 0.7565575296875 0.490120565625 0.7922912515625 0.4766535046875 0.7985859750000001 0.3909439828125 0.8126910531249999 0.377476921875 0.8189857765624999 0.393556640625 0.8206186125 0.46136310937499997 0.8136051390624999
2 0.8564288124999999 0.1238485109375 0.6835902 0.1148506015625 0.6677551703125 0.071189321875 0.6704413 0.11333718749999999 0.6760643109375 0.11943213281250001 0.6685384234375 0.124013665625 0.6226733078125 0.13289881718750002 0.6652894515625001 0.1317023796875 0.683112965625 0.12656280625 0.752179925 0.160661471875 0.7408543562500001 0.1504236140625 0.6934105921875 0.12600476562500001 0.6979261234374999 0.12325584687499999 0.856190196875 0.1297046125 0.8564288124999999 0.1238485109375
2 0.839670296875 0.391038346875 0.7048527546875001 0.38554495312500003 0.6963784656249999 0.3773785515625 0.684496121875 0.3808049328125 0.6687406296875 0.3351916171875 0.671426759375 0.377339484375 0.676811153125 0.3892905328125 0.620568871875 0.4006857609375 0.636648590625 0.402318596875 0.6868701625 0.39458859375 0.7587883984375 0.43075871406250005 0.7560961984375 0.4247831890625 0.6943165109375 0.391959096875 0.8394316796875 0.3968944484375 0.839670296875 0.391038346875
2 0.8290120312499999 0.6526109234375 0.7644545375 0.65193568125 0.7588315234375 0.6458407359375 0.74702871875 0.647315084375 0.7380832609375 0.6146885453125 0.7337268078125 0.6135333937499999 0.7394232921875 0.6538486484375 0.7009249843750001 0.6620563390624999 0.7258766921875 0.66209540625 0.7437002078125 0.6569558328125 0.8012825203125 0.684720709375 0.8014415984375001 0.680816640625 0.753997834375 0.6563977921874999 0.8287734140625 0.658467025 0.8290120312499999 0.6526109234375
1 0.49780553281250006 0.7838056515625 0.492347665625 0.7376342953125 0.4725538734375 0.68305769375 0.47927223281250003 0.7703411890625 0.4917052828125 0.7894229109374999 0.49780553281250006 0.7838056515625
1 0.399815971875 0.811097284375 0.377476921875 0.8189857765624999 0.46136310937499997 0.8136051390624999 0.4852073359375 0.804800340625 0.48552549375 0.7969922031250001 0.46786105468750006 0.7982277078125 0.399815971875 0.811097284375
1 0.46136310937499997 0.8136051390624999 0.4882176921875 0.8029677281250001 0.502871771875 0.8035648359374999 0.6351440578124999 0.8715233234375 0.6497185984375 0.8740724656250001 0.6356212921875 0.85981111875 0.5553083062499999 0.8135225625 0.5191105671875 0.8012936046875 0.5266364578125 0.796712071875 0.5413700765625 0.7953571453125 0.6497307359375 0.8017277796875 0.6791979765625 0.7990179281249999 0.67943659375 0.793161825 0.6531387890625 0.790134996875 0.547549865625 0.787787853125 0.5334525609375 0.77352650625 0.521729296875 0.77304881875 0.5038262421875 0.7801404265625 0.4873609640625 0.7159230765625 0.4724743359375 0.685009728125 0.47673911249999995 0.760461596875 0.490120565625 0.7922912515625 0.4825946765625 0.7968727828125 0.3909439828125 0.8126910531249999 0.377476921875 0.8189857765624999 0.393556640625 0.8206186125 0.46136310937499997 0.8136051390624999