1 0.30298736718749997 0.391657296875 0.3149303921875 0.3745924140625 0.324346425 0.3460655921875 0.3105649765625 0.33896150468749997 0.2777208140625 0.364119534375 0.2032400859375 0.44805254687499996 0.1828976453125 0.4790329875 0.16583569843749998 0.490971165625 0.10684160625000001 0.554689965625 0.1035935796875 0.5648336484375001 0.1216072078125 0.556081375 0.21538128906249998 0.46467776718750003 0.30298736718749997 0.391657296875
1 0.29825806250000003 0.27974759531250004 0.091039171875 0.0454202015625 0.08877529375 0.0498512046875 0.10793877968750001 0.0779749390625 0.26419910625 0.28582678125 0.30229543125 0.31728273125 0.32093269062499996 0.3136205875 0.29825806250000003 0.27974759531250004
1 0.5609890015625 0.34862674375 0.4322983171875 0.32914628281249997 0.3513831 0.328487890625 0.3452475625 0.337972446875 0.357421234375 0.34569908437499997 0.42514616250000004 0.3532421015625 0.54425510625 0.35866069375 0.7156672796875 0.37403934687499996 0.7814888437499999 0.37521055625 0.7731543656250001 0.37132895 0.5609890015625 0.34862674375
1 0.5161469859375 0.6698916328125 0.5403610890625 0.6338576390624999 0.5420338046875 0.6154379234375 0.5420662734375 0.606539340625 0.5324520625 0.6013760546875 0.516604909375 0.632393075 0.479564409375 0.7515904875 0.48891550625 0.7408608328125 0.5161469859375 0.6698916328125
1 0.361198859375 0.454422884375 0.5007543875 0.576328490625 0.5254297796875 0.5898775406250001 0.5296294875 0.5829197625 0.38715398125 0.4692536109375 0.361198859375 0.454422884375
1 0.7203350171875 0.59082781875 0.7752626421875 0.5855540671874999 0.7759187421875 0.5817456140624999 0.7100971765625 0.5805744046875 0.7120005375 0.5869462109375 0.7068816171875001 0.581819503125 0.595451053125 0.584090971875 0.5646076578125 0.5889250609375 0.555912659375 0.5958462625000001 0.5626393609375 0.6003504203125 0.5867235875000001 0.59991075625 0.6448667734375 0.59339190625 0.7203350171875 0.59082781875
2 1 0.4803120484375 0.7553064468749999 0.42266991093749995 0.4915588921875 0.368402025 0.44151954218749995 0.3540109609375 0.5323770171875 0.3579284125 0.730432878125 0.37543075625 0.78404830625 0.3777739109375 0.78470440625 0.3739654578125 0.5638765125 0.3492858703125 0.464717025 0.332588228125 0.4085421375 0.3276817203125 0.3632611890625 0.3292201734375 0.32926716875 0.3175021953125 0.123032428125 0.077462121875 0.0964861421875 0.04864268125 0.08943139375 0.0460427515625 0.0932381140625 0.0587863640625 0.20605255156250002 0.20526403124999998 0.237029190625 0.2519172140625 0.2616396453125 0.283263428125 0.3010157 0.31600105312500004 0.3048224234375 0.3287446671875 0.3021980265625 0.3439784796875 0.2667619359375 0.37547173749999996 0.19484067031250002 0.4619681046875 0.10716965625 0.5527857390625 0.1035935796875 0.5648336484375001 0.1216072078125 0.556081375 0.21538128906249998 0.46467776718750003 0.30298736718749997 0.391657296875 0.322706178125 0.355586725 0.337143728125 0.3588823609375 0.3525654265625 0.35646531718749996 1 0.51000076875 1 0.4803120484375
2 0.9880225375 0.7093265890625 0.9906469343750001 0.6940927765625 0.5822282999999999 0.5998741796875 0.7264380874999999 0.5902418468749999 0.7691595734375001 0.5861400390625 0.7759187421875 0.5817456140624999 0.5893479828125 0.5846769453125 0.555289028125 0.59075613125 0.53796396875 0.58680136875 0.3765880890625 0.46090442343750004 0.361198859375 0.454422884375 0.490188496875 0.567979303125 0.519982809375 0.5866550593750001 0.5311723328125 0.600094378125 0.481237125 0.733170771875 0.4798924578125 0.7496862609375 0.48891550625 0.7408608328125 0.5161469859375 0.6698916328125 0.5403610890625 0.6338576390624999 0.5417382234375 0.6084435671875 0.5465615625 0.6065759171875 0.6537274796875 0.62905939375 0.7656842703125 0.658573803125 0.9880225375 0.7093265890625
2 0.901375134375 1 0.6769709109375001 0.947064490625 0.692425078125 0.9357488640625 0.7499770984375 0.9152412999999999 0.779245184375 0.9021311781250001 0.7782935046875 0.898945275 0.7021042234375 0.92311498125 0.6599739 0.9412055 0.6509833203125 0.941132346875 0.519534996875 0.885398428125 0.5092646875 0.884043596875 0.6185646124999999 0.9376904015624999 0.6442241531249999 0.9455267718749999 0.6531822640625 0.954498509375 0.6632138953125 1 0.6720419640624999 1 0.6704423875 0.9762504375000001 0.6618447953125 0.9564758921875001 0.6669961843750001 0.952704015625 0.8558330749999999 1 0.901375134375 1
1 0.7548059484375 0.2078222421875 0.7717055546875 0.2403769796875 0.7762333140625 0.23151497656250003 0.7355416890625001 0.11931265312499999 0.7548059484375 0.2078222421875
1 0.767505846875 0.247334759375 0.6977152203125 0.2779128515625 0.69029995 0.2861157296875 0.641738509375 0.3066964484375 0.6423621390625 0.311786578125 0.7603861625 0.2625319953125 0.7700653078124999 0.2498981125 0.767505846875 0.247334759375