1 0.1826171875 0.294921875 0.154296875 0.3095703125 0.1552734375 0.314453125 0.162109375 0.3134765625 0.2060546875 0.302734375 0.22265625 0.2900390625 0.2119140625 0.28515625 0.1826171875 0.294921875
1 0.3525390625 0.30859375 0.4248046875 0.34375 0.44921875 0.3427734375 0.451171875 0.3369140625 0.4443359375 0.33203125 0.349609375 0.2998046875 0.3525390625 0.30859375
1 0.4609375 0.3251953125 0.458984375 0.3330078125 0.46484375 0.3349609375 0.548828125 0.2080078125 0.5478515625 0.19921875 0.484375 0.2841796875 0.4609375 0.3251953125
1 0.083984375 0.2412109375 0.126953125 0.2958984375 0.09375 0.2333984375 0.0771484375 0.216796875 0.07421875 0.2236328125 0.083984375 0.2412109375
1 0.23046875 0.2802734375 0.2705078125 0.13671875 0.234375 0.2333984375 0.22265625 0.2802734375 0.23046875 0.2802734375
1 0.54296875 0.4033203125 0.5712890625 0.40234375 0.580078125 0.3955078125 0.53125 0.3994140625 0.54296875 0.4033203125
1 0.26091701562499997 0.4076954046875 0.240206703125 0.3151118375 0.22850669531249998 0.2881570453125 0.22526383125 0.29019558125 0.25803330468749996 0.4092690390625 0.26091701562499997 0.4076954046875
1 0.0774079640625 0.21446511875000002 0.096545334375 0.0851628828125 0.0924908015625 0.084952578125 0.0813403015625 0.13919180625 0.0771458125 0.1795823875 0.0732134765625 0.212104628125 0.0774079640625 0.21446511875000002
1 0.7509765625 0.451171875 0.736328125 0.4619140625 0.736328125 0.4697265625 0.744140625 0.4697265625 0.8466796875 0.416015625 0.87890625 0.3798828125 0.8701171875 0.376953125 0.7509765625 0.451171875
1 0.890625 0.3916015625 0.8984375 0.4052734375 0.982421875 0.5205078125 0.99609375 0.5302734375 0.998046875 0.5166015625 0.92578125 0.4091796875 0.8935546875 0.3828125 0.890625 0.3916015625
1 0.87890625 0.3662109375 0.888671875 0.3701171875 0.923828125 0.1474609375 0.9208984375 0.1328125 0.888671875 0.2919921875 0.87890625 0.3662109375
1 0.5817175546875 0.3885645578125 0.585011421875 0.38980031875 0.608022896875 0.319248059375 0.5817175546875 0.3885645578125
1 0.59375 0.4111328125 0.5830078125 0.40234375 0.60546875 0.4619140625 0.59375 0.4111328125
1 0.283203125 0.4248046875 0.328125 0.4072265625 0.2919921875 0.412109375 0.28125 0.4189453125 0.283203125 0.4248046875
1 0.687687496875 0.45737500000000003 0.7087114171875 0.5047736609375 0.7124607953125001 0.5020228578125 0.6898395484375001 0.4560093390625 0.687687496875 0.45737500000000003
1 0.709093746875 0.5070625 0.6913392953125 0.5607717562500001 0.6938388843750001 0.5628973765625 0.7119608765625001 0.508756478125 0.709093746875 0.5070625