1 0.7348825156250001 0.2409730953125 0.7463958515625 0.25900082812499997 0.7520195328125 0.24893224218749999 0.74431665 0.2186590015625 0.7316717171875 0.188760034375 0.7267296671875 0.189134309375 0.7272273031250001 0.19603935781249998 0.7348825156250001 0.2409730953125
1 0.7188093906249999 0.385673559375 0.678673334375 0.45312633125 0.6779440343750001 0.4774811375 0.683656371875 0.4801341859375 0.6890074015625001 0.473943325 0.7277868749999999 0.383836546875 0.7188093906249999 0.385673559375
1 0.694672071875 0.49125686875 0.687010178125 0.488365759375 0.6846516453125 0.49394428125 0.8055106890625 0.5927894 0.8143518500000001 0.5928912484375 0.733976809375 0.5195225234375 0.694672071875 0.49125686875
1 0.8296604593750001 0.1234829453125 0.8230415046875 0.119741434375 0.80481388125 0.1272931828125 0.7472271687500001 0.163282403125 0.8119304703125 0.1379397421875 0.8296604593750001 0.1234829453125
1 0.8021149859375001 0.27753780781250004 0.7561436265625 0.2601911390625 0.7555983203125 0.2679465875 0.8960959203125001 0.3251908390625 0.8021149859375001 0.27753780781250004
1 0.6161722000000001 0.6009572078125001 0.61568124375 0.552009534375 0.6109641781249999 0.56316658125 0.6099622250000001 0.5913991109375 0.6161722000000001 0.6009572078125001
1 0.7460576125 0.2615702890625 0.62491453125 0.27958684375 0.6262840093750001 0.282641303125 0.720143903125 0.273367046875 0.7478660734375 0.26503794531249997 0.7460576125 0.2615702890625
1 0.8319698390625 0.1240247890625 0.9596999546875 0.1587827859375 0.9601928781250001 0.1547834953125 0.9068310859375 0.1371033171875 0.8668071062499999 0.1280163359375 0.8346187859375 0.12014864843749999 0.8319698390625 0.1240247890625
1 0.5770933515625 0.8631122171875001 0.6109107359375 0.8995075921875 0.6144485375000001 0.89113980625 0.548681346875 0.7638228578125 0.538981240625 0.74797205 0.5311830203125 0.7470198015625 0.530637715625 0.7547752484375 0.5770933515625 0.8631122171875001
1 0.468258290625 1 0.578395584375 0.9424693453125 0.6069639578125 0.9136919640625001 0.59839545 0.909712390625 0.5842032609375 0.9158014031249999 0.46331749687499996 0.9851267921875 0.4526154390625 0.997508515625 0.461952075 1 0.468258290625 1
1 0.8545984203125 0.971308009375 0.6979590765625 0.9199147078125 0.6245576203125001 0.9011740296875 0.6199768796875 0.9103922140625 0.83977226875 0.9724308359375 0.8545984203125 0.971308009375
1 0.62298833125 0.603430965625 0.6215249218750001 0.6065501531249999 0.690342040625 0.6379930515625001 0.62298833125 0.603430965625
1 0.5996214765625 0.61262474375 0.6091442687499999 0.603032284375 0.5481150921875 0.6180682953125001 0.5996214765625 0.61262474375
1 0.619709090625 0.312951534375 0.6136354421875 0.301454575 0.6076504515625001 0.3026792484375 0.62206094375 0.34941563593749997 0.619709090625 0.312951534375
1 0.500611675 0.7193902390625 0.5481200265624999 0.702542678125 0.5469070734375 0.700239884375 0.49812760312500004 0.71533295 0.500611675 0.7193902390625
1 0.44114821875 0.6934844484375 0.49392525625 0.718073221875 0.4958162609375 0.71543350625 0.44344442187500005 0.6912622015625 0.44114821875 0.6934844484375