1 0.400390625 0.4248046875 0.408203125 0.4306640625 0.408203125 0.3662109375 0.3779296875 0.166015625 0.392578125 0.3642578125 0.400390625 0.4248046875
1 0.4501953125 0.47265625 0.5703125 0.5341796875 0.4697265625 0.462890625 0.408203125 0.4326171875 0.4111328125 0.4453125 0.4501953125 0.47265625
1 0.353515625 0.4853515625 0.263671875 0.6025390625 0.267578125 0.6044921875 0.39453125 0.4599609375 0.40234375 0.4482421875 0.3994140625 0.439453125 0.353515625 0.4853515625
1 0.1953125 0.5048828125 0.201171875 0.5087890625 0.216796875 0.4951171875 0.3017578125 0.37890625 0.2109375 0.4814453125 0.1953125 0.5048828125
1 0.1875 0.5146484375 0.189453125 0.5087890625 0.1767578125 0.498046875 0.052734375 0.4423828125 0.1875 0.5146484375
1 0.76953125 0.5087890625 0.77734375 0.5126953125 0.767578125 0.4833984375 0.6865234375 0.359375 0.73828125 0.4580078125 0.76953125 0.5087890625
1 0.787109375 0.5087890625 0.794921875 0.5166015625 0.904296875 0.4775390625 0.8701171875 0.48046875 0.8076171875 0.498046875 0.787109375 0.5087890625
1 0.4677734375 0.484375 0.470703125 0.5712890625 0.478515625 0.6142578125 0.4677734375 0.484375
1 0.732421875 0.7138671875 0.77734375 0.5419921875 0.7763671875 0.521484375 0.73046875 0.7001953125 0.732421875 0.7138671875
1 0.873046875 0.6044921875 0.8759765625 0.615234375 0.935546875 0.6533203125 0.873046875 0.6044921875
1 0.7001953125 0.54296875 0.69140625 0.6201171875 0.6953125 0.6416015625 0.7001953125 0.54296875
1 0.796875 0.6865234375 0.859375 0.6162109375 0.8623046875 0.6015625 0.80078125 0.6748046875 0.796875 0.6865234375