1 0.8048102671875 0.3286349109375 0.60847955 0.36960259687499997 0.5488076265624999 0.3854238671875 0.5436483109375 0.39394880468750004 0.6078953078125 0.3853495546875 0.8048102671875 0.3286349109375
1 0.54170143125 0.39420938906249997 0.5293022125 0.3988068765625 0.5054525062499999 0.4411709828125 0.454601109375 0.568430875 0.5168902 0.45922603593750005 0.54170143125 0.39420938906249997
1 0.48436646874999995 0.347042821875 0.3597185734375 0.2736311578125 0.358112353125 0.2777633359375 0.5132528187500001 0.3843069765625 0.5256154109375 0.390486665625 0.5341208703125 0.38641034375 0.48436646874999995 0.347042821875
1 0.585957621875 0.28154240937499997 0.47582614999999995 0.20520847187500002 0.45110096562499996 0.19284909687500001 0.4477181984375 0.19917765468749998 0.4627089875 0.21283994687500002 0.585957621875 0.28154240937499997
1 0.4562969078125 0.1735469828125 0.5009670093749999 0.0431972484375 0.440685253125 0.186408825 0.4466962203125 0.187562871875 0.4562969078125 0.1735469828125
1 0.638981384375 0.6602885890625 0.545177746875 0.72474666875 0.49728417656249996 0.7624945859375 0.4940717375 0.770758940625 0.5224232703125 0.75717120625 0.638981384375 0.6602885890625
1 0.5342859046874999 0.8584096750000001 0.5113134406250001 0.7988094203125 0.4988171453125 0.779916759375 0.49171094843749996 0.78870228125 0.54018699375 0.8918952484375 0.5342859046874999 0.8584096750000001
1 0.495304203125 0.46015665625 0.40892359375 0.474656309375 0.3667735796875 0.48813232968750003 0.495304203125 0.46015665625
1 0.48522561875000003 0.7709636671875 0.3030834609375 0.7493158125 0.2896256390625 0.7530756921874999 0.46486855781249997 0.7746676921875 0.48522561875000003 0.7709636671875
1 0.4109145984375 0.8778604109374999 0.40046225937499996 0.8821973156249999 0.36769318281249996 0.9463205 0.4109145984375 0.8778604109374999
1 0.4571670890625 0.6983340015625 0.37949889375 0.6999159546875 0.3584238875 0.7066539656249999 0.4571670890625 0.6983340015625
1 0.41289810156250006 0.866822653125 0.334524759375 0.815616921875 0.32250282656249996 0.813308828125 0.398041015625 0.8658733328125001 0.41289810156250006 0.866822653125