1 0
2 0
3 0
4 0
5 0
6 0
7 0
8 0
9 0
10 0
11 0
12 0
13 0
14 0
15 0
16 0
17 0
18 0
19 0
20 0
21 0
22 0
23 0
24 0
25 0
26 0
27 0
28 0
29 0
30 0
31 0
32 0
33 0
34 41.09285714285714
35 41.09285714285714
36 41.09285714285714
37 41.09285714285714
38 41.09285714285714
39 41.09285714285714
40 41.09285714285714
41 41.09285714285714
42 41.09285714285714
43 41.09285714285714
44 41.09285714285714
45 41.09285714285714
46 41.09285714285714
47 41.09285714285714
48 41.09285714285714
49 41.09285714285714
50 41.09285714285714
51 41.09285714285714
52 41.09285714285714
53 41.09285714285714
54 41.09285714285714
55 41.09285714285714
56 41.09285714285714
57 41.09285714285714
58 41.09285714285714
59 41.09285714285714
60 41.09285714285714
61 41.09285714285714
62 41.09285714285714
63 41.09285714285714
64 41.09285714285714
65 41.09285714285714
66 41.09285714285714
67 41.09285714285714
68 41.09285714285714
69 41.09285714285714
70 41.09285714285714
71 41.09285714285714
72 41.09285714285714
73 41.09285714285714
74 41.09285714285714
75 41.09285714285714
76 34.24404761904762
77 34.24404761904762
78 34.24404761904762
79 34.24404761904762
80 34.24404761904762
81 34.24404761904762
82 34.24404761904762
83 34.24404761904762
84 34.24404761904762
85 34.24404761904762
86 34.24404761904762
87 34.24404761904762
88 34.24404761904762
89 34.24404761904762
90 34.24404761904762
91 34.24404761904762
92 34.24404761904762
93 34.24404761904762
94 34.24404761904762
95 34.24404761904762
96 34.24404761904762
97 34.24404761904762
98 34.24404761904762
99 34.24404761904762
100 34.24404761904762
101 34.24404761904762
102 34.24404761904762
103 34.24404761904762
104 34.24404761904762
105 34.24404761904762
106 34.24404761904762
107 34.24404761904762
108 34.24404761904762
109 34.24404761904762
110 34.24404761904762
111 34.24404761904762
112 34.24404761904762
113 34.24404761904762
114 34.24404761904762
115 34.24404761904762
116 34.24404761904762
117 34.24404761904762
118 34.24404761904762
119 34.24404761904762
120 34.24404761904762
121 34.24404761904762
122 34.24404761904762
123 34.24404761904762
124 34.24404761904762
125 34.24404761904762
126 34.24404761904762
127 34.24404761904762
128 34.24404761904762
129 34.24404761904762
130 34.24404761904762
131 34.24404761904762
132 34.24404761904762
133 34.24404761904762
134 34.24404761904762
135 34.24404761904762
136 34.24404761904762
137 34.24404761904762
138 34.24404761904762
139 34.24404761904762
140 34.24404761904762
141 34.24404761904762
142 34.24404761904762
143 34.24404761904762
144 34.24404761904762
145 34.24404761904762
146 34.24404761904762
147 34.24404761904762
148 34.24404761904762
149 34.24404761904762
150 34.24404761904762
151 34.24404761904762
152 34.24404761904762
153 34.24404761904762
154 34.24404761904762
155 34.24404761904762
156 34.24404761904762
157 34.24404761904762
158 34.24404761904762
159 34.24404761904762
160 34.24404761904762
161 34.24404761904762
162 34.24404761904762
163 34.24404761904762
164 34.24404761904762
165 34.24404761904762
166 34.24404761904762
167 34.24404761904762
168 34.24404761904762
169 34.24404761904762
170 34.24404761904762
171 34.24404761904762
172 34.24404761904762
173 34.24404761904762
174 34.24404761904762
175 34.24404761904762
176 34.24404761904762
177 34.24404761904762
178 34.24404761904762
179 34.24404761904762
180 34.24404761904762
181 34.24404761904762
182 26.44760407307577
183 26.44760407307577
184 26.44760407307577
185 26.44760407307577
186 26.44760407307577
187 26.44760407307577
188 26.44760407307577
189 26.44760407307577
190 26.44760407307577
191 26.44760407307577
192 26.44760407307577
193 26.44760407307577
194 26.44760407307577
195 26.44760407307577
196 26.44760407307577
197 26.44760407307577
198 26.44760407307577
199 26.44760407307577
200 26.44760407307577
201 26.44760407307577
202 26.44760407307577
203 26.44760407307577
204 26.44760407307577
205 26.44760407307577
206 26.44760407307577
207 26.44760407307577
208 26.44760407307577
209 26.44760407307577
210 26.44760407307577
211 26.44760407307577
212 26.44760407307577
213 26.44760407307577
214 26.44760407307577
215 26.44760407307577
216 26.44760407307577
217 26.44760407307577
218 26.44760407307577
219 26.44760407307577
220 26.44760407307577
221 26.44760407307577
222 26.44760407307577
223 26.44760407307577
224 26.44760407307577
225 26.44760407307577
226 26.44760407307577
227 26.44760407307577
228 26.44760407307577
229 26.44760407307577
230 26.44760407307577
231 26.44760407307577
232 26.44760407307577
233 26.44760407307577
234 26.44760407307577
235 26.44760407307577
236 26.44760407307577
237 26.44760407307577
238 26.44760407307577
239 26.44760407307577
240 26.44760407307577
241 26.44760407307577
242 26.44760407307577
243 26.44760407307577
244 26.44760407307577
245 26.44760407307577
246 26.44760407307577
247 26.44760407307577
248 26.44760407307577
249 26.44760407307577
250 26.44760407307577
251 26.44760407307577
252 26.44760407307577
253 26.44760407307577
254 26.44760407307577
255 26.44760407307577
256 26.44760407307577
257 26.44760407307577
258 26.44760407307577
259 26.44760407307577
260 26.44760407307577
261 26.44760407307577
262 26.44760407307577
263 26.44760407307577
264 26.44760407307577
265 26.44760407307577
266 26.44760407307577
267 26.44760407307577
268 26.44760407307577
269 26.44760407307577
270 26.44760407307577
271 26.44760407307577
272 26.44760407307577
273 26.44760407307577
274 26.44760407307577
275 26.44760407307577
276 26.44760407307577
277 26.44760407307577
278 26.44760407307577
279 26.44760407307577
280 26.44760407307577
281 26.44760407307577
282 26.44760407307577
283 26.44760407307577
284 26.44760407307577
285 26.44760407307577
286 22.601568439422213
287 22.601568439422213
288 22.601568439422213
289 22.601568439422213
290 22.601568439422213
291 22.601568439422213
292 22.601568439422213
293 22.601568439422213
294 22.601568439422213
295 22.601568439422213
296 22.601568439422213
297 22.601568439422213
298 22.601568439422213
299 22.601568439422213
300 22.601568439422213
301 22.601568439422213
302 22.601568439422213
303 22.601568439422213
304 22.601568439422213
305 22.601568439422213
306 22.601568439422213
307 22.601568439422213
308 22.601568439422213
309 22.601568439422213
310 22.601568439422213
311 22.601568439422213
312 22.601568439422213
313 22.601568439422213
314 22.601568439422213
315 22.601568439422213
316 22.601568439422213
317 22.601568439422213
318 22.601568439422213
319 22.601568439422213
320 22.601568439422213
321 22.601568439422213
322 22.601568439422213
323 22.601568439422213
324 22.601568439422213
325 22.601568439422213
326 22.601568439422213
327 22.601568439422213
328 22.601568439422213
329 22.601568439422213
330 22.601568439422213
331 22.601568439422213
332 22.601568439422213
333 22.601568439422213
334 22.601568439422213
335 22.601568439422213
336 22.601568439422213
337 22.601568439422213
338 22.601568439422213
339 22.601568439422213
340 22.601568439422213
341 22.601568439422213
342 22.601568439422213
343 22.601568439422213
344 22.601568439422213
345 22.601568439422213
346 22.601568439422213
347 22.601568439422213
348 22.601568439422213
349 22.601568439422213
350 22.601568439422213
351 22.601568439422213
352 22.601568439422213
353 22.601568439422213
354 22.601568439422213
355 22.601568439422213
356 22.601568439422213
357 22.601568439422213
358 22.601568439422213
359 22.601568439422213
360 22.601568439422213
361 22.601568439422213
362 22.601568439422213
363 22.601568439422213
364 22.601568439422213
365 22.601568439422213
366 22.601568439422213
367 22.601568439422213
368 22.601568439422213
369 22.601568439422213
370 22.601568439422213
371 22.601568439422213
372 22.601568439422213
373 22.601568439422213
374 22.601568439422213
375 22.601568439422213
376 22.601568439422213
377 22.601568439422213
378 22.601568439422213
379 22.601568439422213
380 20.52933985792075
381 20.52933985792075
382 20.52933985792075
383 20.52933985792075
384 20.52933985792075
385 20.52933985792075
386 20.52933985792075
387 20.52933985792075
388 20.52933985792075
389 20.52933985792075
390 20.52933985792075
391 20.52933985792075
392 20.52933985792075
393 20.52933985792075
394 20.52933985792075
395 20.52933985792075
396 20.52933985792075
397 20.52933985792075
398 20.52933985792075
399 20.52933985792075
400 20.52933985792075
401 20.52933985792075
402 20.52933985792075
403 20.52933985792075
404 20.52933985792075
405 20.52933985792075
406 20.52933985792075
407 20.52933985792075
408 20.52933985792075
409 20.52933985792075
410 20.52933985792075
411 20.52933985792075
412 20.52933985792075
413 20.52933985792075
414 20.52933985792075
415 20.52933985792075
416 20.52933985792075
417 20.52933985792075
418 20.52933985792075
419 20.52933985792075
420 20.52933985792075
421 20.52933985792075
422 20.52933985792075
423 20.52933985792075
424 20.52933985792075
425 20.52933985792075
426 20.52933985792075
427 20.52933985792075
428 20.52933985792075
429 20.52933985792075
430 20.52933985792075
431 20.52933985792075
432 20.52933985792075
433 20.52933985792075
434 20.52933985792075
435 20.52933985792075
436 20.52933985792075
437 20.52933985792075
438 20.52933985792075
439 20.52933985792075
440 20.52933985792075
441 20.52933985792075
442 20.52933985792075
443 20.52933985792075
444 20.52933985792075
445 20.52933985792075
446 20.52933985792075
447 20.52933985792075
448 20.52933985792075
449 20.52933985792075
450 20.52933985792075
451 20.52933985792075
452 20.52933985792075
453 20.52933985792075
454 20.52933985792075
455 20.52933985792075
456 20.52933985792075
457 20.52933985792075
458 20.52933985792075
459 20.52933985792075
460 20.52933985792075
461 20.52933985792075
462 20.52933985792075
463 20.52933985792075
464 20.52933985792075
465 20.52933985792075
466 20.52933985792075
467 20.52933985792075
468 20.52933985792075
469 20.52933985792075
470 20.52933985792075
471 20.52933985792075
472 20.52933985792075
473 20.52933985792075
474 20.52933985792075
475 20.52933985792075
476 20.52933985792075
477 20.52933985792075
478 20.52933985792075
479 20.52933985792075
480 20.52933985792075
481 20.52933985792075
482 20.52933985792075
483 20.52933985792075
484 14.523460737041628
485 14.523460737041628
486 14.523460737041628
487 14.523460737041628
488 14.523460737041628
489 14.523460737041628
490 14.523460737041628
491 14.523460737041628
492 14.523460737041628
493 14.523460737041628
494 14.523460737041628
495 14.523460737041628
496 14.523460737041628
497 14.523460737041628
498 14.523460737041628
499 14.523460737041628
500 14.523460737041628
501 14.523460737041628
502 14.523460737041628
503 14.523460737041628
504 14.523460737041628
505 14.523460737041628
506 14.523460737041628
507 14.523460737041628
508 14.523460737041628
509 14.523460737041628
510 14.523460737041628
511 14.523460737041628
512 14.523460737041628
513 14.523460737041628
514 14.523460737041628
515 14.523460737041628
516 14.523460737041628
517 14.523460737041628
518 14.523460737041628
519 14.523460737041628
520 14.523460737041628
521 14.523460737041628
522 14.523460737041628
523 14.523460737041628
524 14.523460737041628
525 14.523460737041628
526 14.523460737041628
527 14.523460737041628
528 14.523460737041628
529 14.523460737041628
530 14.523460737041628
531 14.523460737041628
532 14.523460737041628
533 14.523460737041628
534 14.523460737041628
535 14.523460737041628
536 14.523460737041628
537 14.523460737041628
538 14.523460737041628
539 14.523460737041628
540 14.523460737041628
541 14.523460737041628
542 14.523460737041628
543 14.523460737041628
544 14.523460737041628
545 14.523460737041628
546 14.523460737041628
547 14.523460737041628
548 14.523460737041628
549 14.523460737041628
550 14.523460737041628
551 14.523460737041628
552 14.523460737041628
553 14.523460737041628
554 14.523460737041628
555 14.523460737041628
556 14.523460737041628
557 14.523460737041628
558 14.523460737041628
559 14.523460737041628
560 14.523460737041628
561 14.523460737041628
562 14.523460737041628
563 14.523460737041628
564 14.523460737041628
565 14.523460737041628
566 14.523460737041628
567 14.523460737041628
568 14.523460737041628
569 14.523460737041628
570 14.523460737041628
571 14.523460737041628
572 14.523460737041628
573 14.523460737041628
574 14.523460737041628
575 14.523460737041628
576 14.523460737041628
577 14.523460737041628
578 14.523460737041628
579 14.523460737041628
580 14.523460737041628
581 14.523460737041628
582 14.523460737041628
583 14.523460737041628
584 14.523460737041628
585 14.523460737041628
586 14.523460737041628
587 14.523460737041628
588 11.257105425686317
589 11.257105425686317
590 11.257105425686317
591 11.257105425686317
592 11.257105425686317
593 11.257105425686317
594 11.257105425686317
595 11.257105425686317
596 11.257105425686317
597 11.257105425686317
598 11.257105425686317
599 11.257105425686317
600 11.257105425686317
601 11.257105425686317
602 11.257105425686317
603 11.257105425686317
604 11.257105425686317
605 11.257105425686317
606 11.257105425686317
607 11.257105425686317
608 11.257105425686317
609 11.257105425686317
610 11.257105425686317
611 11.257105425686317
612 11.257105425686317
613 11.257105425686317
614 11.257105425686317
615 11.257105425686317
616 11.257105425686317
617 11.257105425686317
618 11.257105425686317
619 11.257105425686317
620 11.257105425686317
621 11.257105425686317
622 11.257105425686317
623 11.257105425686317
624 11.257105425686317
625 11.257105425686317
626 11.257105425686317
627 11.257105425686317
628 11.257105425686317
629 11.257105425686317
630 11.257105425686317
631 11.257105425686317
632 11.257105425686317
633 11.257105425686317
634 11.257105425686317
635 11.257105425686317
636 11.257105425686317
637 11.257105425686317
638 11.257105425686317
639 11.257105425686317
640 11.257105425686317
641 11.257105425686317
642 11.257105425686317
643 11.257105425686317
644 11.257105425686317
645 11.257105425686317
646 11.257105425686317
647 11.257105425686317
648 11.257105425686317
649 11.257105425686317
650 11.257105425686317
651 11.257105425686317
652 11.257105425686317
653 11.257105425686317
654 11.257105425686317
655 11.257105425686317
656 11.257105425686317
657 11.257105425686317
658 11.257105425686317
659 11.257105425686317
660 11.257105425686317
661 11.257105425686317
662 11.257105425686317
663 11.257105425686317
664 11.257105425686317
665 11.257105425686317
666 11.257105425686317
667 11.257105425686317
668 11.257105425686317
669 11.257105425686317
670 11.257105425686317
671 11.257105425686317
672 11.257105425686317
673 11.257105425686317
674 11.257105425686317
675 11.257105425686317
676 11.257105425686317
677 11.257105425686317
678 11.257105425686317
679 11.257105425686317
680 11.257105425686317
681 11.257105425686317
682 11.53424713584288
683 11.53424713584288
684 11.53424713584288
685 11.53424713584288
686 11.53424713584288
687 11.53424713584288
688 11.53424713584288
689 11.53424713584288
690 11.53424713584288
691 11.53424713584288
692 11.53424713584288
693 11.53424713584288
694 11.53424713584288
695 11.53424713584288
696 11.53424713584288
697 11.53424713584288
698 11.53424713584288
699 11.53424713584288
700 11.53424713584288
701 11.53424713584288
702 11.53424713584288
703 11.53424713584288
704 11.53424713584288
705 11.53424713584288
706 11.53424713584288
707 11.53424713584288
708 11.53424713584288
709 11.53424713584288
710 11.53424713584288
711 11.53424713584288
712 11.53424713584288
713 11.53424713584288
714 11.53424713584288
715 11.53424713584288
716 11.53424713584288
717 11.53424713584288
718 11.53424713584288
719 11.53424713584288
720 11.53424713584288
721 11.53424713584288
722 11.53424713584288
723 11.53424713584288
724 11.53424713584288
725 11.53424713584288
726 11.53424713584288
727 11.53424713584288
728 11.53424713584288
729 11.53424713584288
730 11.53424713584288
731 11.53424713584288
732 11.53424713584288
733 11.53424713584288
734 11.53424713584288
735 11.53424713584288
736 11.53424713584288
737 11.53424713584288
738 11.53424713584288
739 11.53424713584288
740 11.53424713584288
741 11.53424713584288
742 11.53424713584288
743 11.53424713584288
744 11.53424713584288
745 11.53424713584288
746 11.53424713584288
747 11.53424713584288
748 11.53424713584288
749 11.53424713584288
750 11.53424713584288
751 11.53424713584288
752 11.53424713584288
753 11.53424713584288
754 11.53424713584288
755 11.53424713584288
756 11.53424713584288
757 11.53424713584288
758 11.53424713584288
759 11.53424713584288
760 11.53424713584288
761 11.53424713584288
762 11.53424713584288
763 11.53424713584288
764 11.53424713584288
765 11.53424713584288
766 11.53424713584288
767 11.53424713584288
768 11.53424713584288
769 11.53424713584288
770 11.53424713584288
771 11.53424713584288
772 11.53424713584288
773 11.53424713584288
774 11.53424713584288
775 11.53424713584288
776 11.53424713584288
777 11.53424713584288
778 11.53424713584288
779 11.53424713584288
780 11.53424713584288
781 11.53424713584288
782 11.53424713584288
783 11.53424713584288
784 11.577633259523122
785 11.577633259523122
786 11.577633259523122
787 11.577633259523122
788 11.577633259523122
789 11.577633259523122
790 11.577633259523122
791 11.577633259523122
792 11.577633259523122
793 11.577633259523122
794 11.577633259523122
795 11.577633259523122
796 11.577633259523122
797 11.577633259523122
798 11.577633259523122
799 11.577633259523122
800 11.577633259523122
801 11.577633259523122
802 11.577633259523122
803 11.577633259523122
804 11.577633259523122
805 11.577633259523122
806 11.577633259523122
807 11.577633259523122
808 11.577633259523122
809 11.577633259523122
810 11.577633259523122
811 11.577633259523122
812 11.577633259523122
813 11.577633259523122
814 11.577633259523122
815 11.577633259523122
816 11.577633259523122
817 11.577633259523122
818 11.577633259523122
819 11.577633259523122
820 11.577633259523122
821 11.577633259523122
822 11.577633259523122
823 11.577633259523122
824 11.577633259523122
825 11.577633259523122
826 11.577633259523122
827 11.577633259523122
828 11.577633259523122
829 11.577633259523122
830 11.577633259523122
831 11.577633259523122
832 11.577633259523122
833 11.577633259523122
834 11.577633259523122
835 11.577633259523122
836 11.577633259523122
837 11.577633259523122
838 11.577633259523122
839 11.577633259523122
840 11.577633259523122
841 11.577633259523122
842 11.577633259523122
843 11.577633259523122
844 11.577633259523122
845 11.577633259523122
846 11.577633259523122
847 11.577633259523122
848 11.577633259523122
849 11.577633259523122
850 11.577633259523122
851 11.577633259523122
852 11.577633259523122
853 11.577633259523122
854 11.577633259523122
855 11.577633259523122
856 11.577633259523122
857 11.577633259523122
858 11.577633259523122
859 11.577633259523122
860 11.577633259523122
861 11.577633259523122
862 11.577633259523122
863 11.577633259523122
864 11.577633259523122
865 11.577633259523122
866 11.577633259523122
867 11.577633259523122
868 11.577633259523122
869 11.577633259523122
870 11.577633259523122
871 11.577633259523122
872 11.577633259523122
873 11.577633259523122
874 11.577633259523122
875 11.577633259523122
876 11.577633259523122
877 11.577633259523122
878 11.577633259523122
879 11.577633259523122
880 11.577633259523122
881 11.577633259523122
882 11.577633259523122
883 11.577633259523122
884 11.577633259523122
885 11.577633259523122
886 11.577633259523122
887 11.577633259523122
888 11.342240460832452
889 11.342240460832452
890 11.342240460832452
891 11.342240460832452
892 11.342240460832452
893 11.342240460832452
894 11.342240460832452
895 11.342240460832452
896 11.342240460832452
897 11.342240460832452
898 11.342240460832452
899 11.342240460832452
900 11.342240460832452
901 11.342240460832452
902 11.342240460832452
903 11.342240460832452
904 11.342240460832452
905 11.342240460832452
906 11.342240460832452
907 11.342240460832452
908 11.342240460832452
909 11.342240460832452
910 11.342240460832452
911 11.342240460832452
912 11.342240460832452
913 11.342240460832452
914 11.342240460832452
915 11.342240460832452
916 11.342240460832452
917 11.342240460832452
918 11.342240460832452
919 11.342240460832452
920 11.342240460832452
921 11.342240460832452
922 11.342240460832452
923 11.342240460832452
924 11.342240460832452
925 11.342240460832452
926 11.342240460832452
927 11.342240460832452
928 11.342240460832452
929 11.342240460832452
930 11.342240460832452
931 11.342240460832452
932 11.342240460832452
933 11.342240460832452
934 11.342240460832452
935 11.342240460832452
936 11.342240460832452
937 11.342240460832452
938 11.342240460832452
939 11.342240460832452
940 11.342240460832452
941 11.342240460832452
942 11.342240460832452
943 11.342240460832452
944 11.342240460832452
945 11.342240460832452
946 11.342240460832452
947 11.342240460832452
948 11.342240460832452
949 11.342240460832452
950 11.342240460832452
951 11.342240460832452
952 11.342240460832452
953 11.342240460832452
954 11.342240460832452
955 11.342240460832452
956 11.342240460832452
957 11.342240460832452
958 11.342240460832452
959 11.342240460832452
960 11.342240460832452
961 11.342240460832452
962 11.342240460832452
963 11.342240460832452
964 11.342240460832452
965 11.342240460832452
966 11.342240460832452
967 11.342240460832452
968 11.342240460832452
969 11.342240460832452
970 11.342240460832452
971 11.342240460832452
972 11.342240460832452
973 11.342240460832452
974 11.342240460832452
975 11.342240460832452
976 11.342240460832452
977 11.342240460832452
978 11.342240460832452
979 11.342240460832452
980 11.342240460832452
981 11.342240460832452
982 11.577633259523122
983 11.577633259523122
984 11.577633259523122
985 11.577633259523122
986 11.577633259523122
987 11.577633259523122
988 11.577633259523122
989 11.577633259523122
990 11.577633259523122
991 11.577633259523122
992 11.577633259523122
993 11.577633259523122
994 11.577633259523122
995 11.577633259523122
996 11.577633259523122
997 11.577633259523122
998 11.577633259523122
999 11.577633259523122
1000 11.577633259523122
1001 11.577633259523122
1002 11.577633259523122
1003 11.577633259523122
1004 11.577633259523122
1005 11.577633259523122
1006 11.577633259523122
1007 11.577633259523122
1008 11.577633259523122
1009 11.577633259523122
1010 11.577633259523122
1011 11.577633259523122
1012 11.577633259523122
1013 11.577633259523122
1014 11.577633259523122
1015 11.577633259523122
1016 11.577633259523122
1017 11.577633259523122
1018 11.577633259523122
1019 11.577633259523122
1020 11.577633259523122
1021 11.577633259523122
1022 11.577633259523122
1023 11.577633259523122
1024 11.577633259523122
1025 11.577633259523122
1026 11.577633259523122
1027 11.577633259523122
1028 11.577633259523122
1029 11.577633259523122
1030 11.577633259523122
1031 11.577633259523122
1032 11.577633259523122
1033 11.577633259523122
1034 11.577633259523122
1035 11.577633259523122
1036 11.577633259523122
1037 11.577633259523122
1038 11.577633259523122
1039 11.577633259523122
1040 11.577633259523122
1041 11.577633259523122
1042 11.577633259523122
1043 11.577633259523122
1044 11.577633259523122
1045 11.577633259523122
1046 11.577633259523122
1047 11.577633259523122
1048 11.577633259523122
1049 11.577633259523122
1050 11.577633259523122
1051 11.577633259523122
1052 11.577633259523122
1053 11.577633259523122
1054 11.577633259523122
1055 11.577633259523122
1056 11.577633259523122
1057 11.577633259523122
1058 11.577633259523122
1059 11.577633259523122
1060 11.577633259523122
1061 11.577633259523122
1062 11.577633259523122
1063 11.577633259523122
1064 11.577633259523122
1065 11.577633259523122
1066 11.577633259523122
1067 11.577633259523122
1068 11.577633259523122
1069 11.577633259523122
1070 11.577633259523122
1071 11.577633259523122
1072 11.577633259523122
1073 11.577633259523122
1074 11.577633259523122
1075 11.577633259523122
1076 11.577633259523122
1077 11.577633259523122
1078 11.577633259523122
1079 11.577633259523122
1080 11.577633259523122
1081 11.577633259523122
1082 11.577633259523122
1083 11.577633259523122
1084 11.577633259523122
1085 11.577633259523122
1086 11.577633259523122
1087 11.577633259523122
1088 11.577633259523122
1089 11.577633259523122
1090 11.577633259523122
1091 11.577633259523122
1092 11.577633259523122
1093 11.577633259523122
1094 11.577633259523122
1095 11.577633259523122
1096 11.577633259523122
1097 11.577633259523122
1098 11.577633259523122
1099 11.577633259523122
1100 11.577633259523122
1101 11.577633259523122
1102 11.577633259523122
1103 11.577633259523122
1104 11.577633259523122
1105 11.577633259523122
1106 11.577633259523122
1107 11.577633259523122
1108 11.577633259523122
1109 11.577633259523122
1110 11.577633259523122
1111 11.577633259523122
1112 11.577633259523122
1113 11.577633259523122
1114 11.577633259523122
1115 11.577633259523122
1116 11.577633259523122
1117 11.577633259523122
1118 11.577633259523122
1119 11.577633259523122
1120 11.577633259523122
1121 11.577633259523122
1122 11.577633259523122
1123 11.577633259523122
1124 11.577633259523122
1125 11.577633259523122
1126 11.577633259523122
1127 11.577633259523122
1128 11.577633259523122
1129 11.577633259523122
1130 11.577633259523122
1131 11.577633259523122
1132 11.577633259523122
1133 11.577633259523122
1134 11.577633259523122
1135 11.577633259523122
1136 11.577633259523122
1137 11.577633259523122
1138 11.577633259523122
1139 11.577633259523122
1140 11.577633259523122
1141 11.577633259523122
1142 11.577633259523122
1143 11.577633259523122
1144 11.577633259523122
1145 11.577633259523122
1146 11.577633259523122
1147 11.577633259523122
1148 11.577633259523122
1149 11.577633259523122
1150 11.577633259523122
1151 11.577633259523122
1152 11.577633259523122
1153 11.577633259523122
1154 11.577633259523122
1155 11.577633259523122
1156 11.577633259523122
1157 11.577633259523122
1158 11.577633259523122
1159 11.577633259523122
1160 11.577633259523122
1161 11.577633259523122
1162 11.577633259523122
1163 11.577633259523122
1164 11.577633259523122
1165 11.577633259523122
1166 11.577633259523122
1167 11.577633259523122
1168 11.577633259523122
1169 11.577633259523122
1170 11.577633259523122
1171 11.577633259523122
1172 11.577633259523122
1173 11.577633259523122
1174 11.577633259523122
1175 11.577633259523122
1176 11.577633259523122
1177 11.577633259523122
1178 11.577633259523122
1179 11.577633259523122
1180 11.577633259523122
1181 11.577633259523122
1182 11.577633259523122
1183 11.577633259523122
1184 11.577633259523122
1185 11.577633259523122
1186 11.577633259523122
1187 11.577633259523122
1188 11.385626584512693
1189 11.385626584512693
1190 11.385626584512693
1191 11.385626584512693
1192 11.385626584512693
1193 11.385626584512693
1194 11.385626584512693
1195 11.385626584512693
1196 11.385626584512693
1197 11.385626584512693
1198 11.385626584512693
1199 11.385626584512693
1200 11.385626584512693
1201 11.385626584512693
1202 11.385626584512693
1203 11.385626584512693
1204 11.385626584512693
1205 11.385626584512693
1206 11.385626584512693
1207 11.385626584512693
1208 11.385626584512693
1209 11.385626584512693
1210 11.385626584512693
1211 11.385626584512693
1212 11.385626584512693
1213 11.385626584512693
1214 11.385626584512693
1215 11.385626584512693
1216 11.385626584512693
1217 11.385626584512693
1218 11.385626584512693
1219 11.385626584512693
1220 11.385626584512693
1221 11.385626584512693
1222 11.385626584512693
1223 11.385626584512693
1224 11.385626584512693
1225 11.385626584512693
1226 11.385626584512693
1227 11.385626584512693
1228 11.385626584512693
1229 11.385626584512693
1230 11.385626584512693
1231 11.385626584512693
1232 11.385626584512693
1233 11.385626584512693
1234 11.385626584512693
1235 11.385626584512693
1236 11.385626584512693
1237 11.385626584512693
1238 11.385626584512693
1239 11.385626584512693
1240 11.385626584512693
1241 11.385626584512693
1242 11.385626584512693
1243 11.385626584512693
1244 11.385626584512693
1245 11.385626584512693
1246 11.385626584512693
1247 11.385626584512693
1248 11.385626584512693
1249 11.385626584512693
1250 11.385626584512693
1251 11.385626584512693
1252 11.385626584512693
1253 11.385626584512693
1254 11.385626584512693
1255 11.385626584512693
1256 11.385626584512693
1257 11.385626584512693
1258 11.385626584512693
1259 11.385626584512693
1260 11.385626584512693
1261 11.385626584512693
1262 11.385626584512693
1263 11.385626584512693
1264 11.385626584512693
1265 11.385626584512693
1266 11.385626584512693
1267 11.385626584512693
1268 11.385626584512693
1269 11.385626584512693
1270 11.385626584512693
1271 11.385626584512693
1272 11.385626584512693
1273 11.385626584512693
1274 11.385626584512693
1275 11.385626584512693
1276 11.385626584512693
1277 11.385626584512693
1278 11.385626584512693
1279 11.385626584512693
1280 11.385626584512693
1281 11.385626584512693
1282 11.577633259523122
1283 11.577633259523122
1284 11.577633259523122
1285 11.577633259523122
1286 11.577633259523122
1287 11.577633259523122
1288 11.577633259523122
1289 11.577633259523122
1290 11.577633259523122
1291 11.577633259523122
1292 11.577633259523122
1293 11.577633259523122
1294 11.577633259523122
1295 11.577633259523122
1296 11.577633259523122
1297 11.577633259523122
1298 11.577633259523122
1299 11.577633259523122
1300 11.577633259523122
1301 11.577633259523122
1302 11.577633259523122
1303 11.577633259523122
1304 11.577633259523122
1305 11.577633259523122
1306 11.577633259523122
1307 11.577633259523122
1308 11.577633259523122
1309 11.577633259523122
1310 11.577633259523122
1311 11.577633259523122
1312 11.577633259523122
1313 11.577633259523122
1314 11.577633259523122
1315 11.577633259523122
1316 11.577633259523122
1317 11.577633259523122
1318 11.577633259523122
1319 11.577633259523122
1320 11.577633259523122
1321 11.577633259523122
1322 11.577633259523122
1323 11.577633259523122
1324 11.577633259523122
1325 11.577633259523122
1326 11.577633259523122
1327 11.577633259523122
1328 11.577633259523122
1329 11.577633259523122
1330 11.577633259523122
1331 11.577633259523122
1332 11.577633259523122
1333 11.577633259523122
1334 11.577633259523122
1335 11.577633259523122
1336 11.577633259523122
1337 11.577633259523122
1338 11.577633259523122
1339 11.577633259523122
1340 11.577633259523122
1341 11.577633259523122
1342 11.577633259523122
1343 11.577633259523122
1344 11.577633259523122
1345 11.577633259523122
1346 11.577633259523122
1347 11.577633259523122
1348 11.577633259523122
1349 11.577633259523122
1350 11.577633259523122
1351 11.577633259523122
1352 11.577633259523122
1353 11.577633259523122
1354 11.577633259523122
1355 11.577633259523122
1356 11.577633259523122
1357 11.577633259523122
1358 11.577633259523122
1359 11.577633259523122
1360 11.577633259523122
1361 11.577633259523122
1362 11.577633259523122
1363 11.577633259523122
1364 11.577633259523122
1365 11.577633259523122
1366 11.577633259523122
1367 11.577633259523122
1368 11.577633259523122
1369 11.577633259523122
1370 11.577633259523122
1371 11.577633259523122
1372 11.577633259523122
1373 11.577633259523122
1374 11.577633259523122
1375 11.577633259523122
1376 11.577633259523122
1377 11.577633259523122
1378 11.577633259523122
1379 11.577633259523122
1380 11.577633259523122
1381 11.577633259523122
1382 11.577633259523122
1383 11.577633259523122
1384 11.577633259523122
1385 11.577633259523122
1386 11.577633259523122
1387 11.577633259523122
1388 11.577633259523122
1389 11.577633259523122
1390 11.577633259523122
1391 11.577633259523122
1392 11.577633259523122
1393 11.577633259523122
1394 11.577633259523122
1395 11.577633259523122
1396 11.577633259523122
1397 11.577633259523122
1398 11.577633259523122
1399 11.577633259523122
1400 11.577633259523122
1401 11.577633259523122
1402 11.577633259523122
1403 11.577633259523122
1404 11.577633259523122
1405 11.577633259523122
1406 11.577633259523122
1407 11.577633259523122
1408 11.577633259523122
1409 11.577633259523122
1410 11.577633259523122
1411 11.577633259523122
1412 11.577633259523122
1413 11.577633259523122
1414 11.577633259523122
1415 11.577633259523122
1416 11.577633259523122
1417 11.577633259523122
1418 11.577633259523122
1419 11.577633259523122
1420 11.577633259523122
1421 11.577633259523122
1422 11.577633259523122
1423 11.577633259523122
1424 11.577633259523122
1425 11.577633259523122
1426 11.577633259523122
1427 11.577633259523122
1428 11.577633259523122
1429 11.577633259523122
1430 11.577633259523122
1431 11.577633259523122
1432 11.577633259523122
1433 11.577633259523122
1434 11.577633259523122
1435 11.577633259523122
1436 11.577633259523122
1437 11.577633259523122
1438 11.577633259523122
1439 11.577633259523122
1440 11.577633259523122
1441 11.577633259523122
1442 11.577633259523122
1443 11.577633259523122
1444 11.577633259523122
1445 11.577633259523122
1446 11.577633259523122
1447 11.577633259523122
1448 11.577633259523122
1449 11.577633259523122
1450 11.577633259523122
1451 11.577633259523122
1452 11.577633259523122
1453 11.577633259523122
1454 11.577633259523122
1455 11.577633259523122
1456 11.577633259523122
1457 11.577633259523122
1458 11.577633259523122
1459 11.577633259523122
1460 11.577633259523122
1461 11.577633259523122
1462 11.577633259523122
1463 11.577633259523122
1464 11.577633259523122
1465 11.577633259523122
1466 11.577633259523122
1467 11.577633259523122
1468 11.577633259523122
1469 11.577633259523122
1470 11.577633259523122
1471 11.577633259523122
1472 11.577633259523122
1473 11.577633259523122
1474 11.577633259523122
1475 11.577633259523122
1476 11.577633259523122
1477 11.577633259523122
1478 11.577633259523122
1479 11.577633259523122
1480 11.577633259523122
1481 11.577633259523122
1482 11.577633259523122
1483 11.577633259523122
1484 11.577633259523122
1485 11.577633259523122
1486 11.577633259523122
1487 11.577633259523122
1488 11.577633259523122
1489 11.577633259523122
1490 11.342240460832452
1491 11.342240460832452
1492 11.342240460832452
1493 11.342240460832452
1494 11.342240460832452
1495 11.342240460832452
1496 11.342240460832452
1497 11.342240460832452
1498 11.342240460832452
1499 11.342240460832452
1500 11.342240460832452
1501 11.342240460832452
1502 11.342240460832452
1503 11.342240460832452
1504 11.342240460832452
1505 11.342240460832452
1506 11.342240460832452
1507 11.342240460832452
1508 11.342240460832452
1509 11.342240460832452
1510 11.342240460832452
1511 11.342240460832452
1512 11.342240460832452
1513 11.342240460832452
1514 11.342240460832452
1515 11.342240460832452
1516 11.342240460832452
1517 11.342240460832452
1518 11.342240460832452
1519 11.342240460832452
1520 11.342240460832452
1521 11.342240460832452
1522 11.342240460832452
1523 11.342240460832452
1524 11.342240460832452
1525 11.342240460832452
1526 11.342240460832452
1527 11.342240460832452
1528 11.342240460832452
1529 11.342240460832452
1530 11.342240460832452
1531 11.342240460832452
1532 11.342240460832452
1533 11.342240460832452
1534 11.342240460832452
1535 11.342240460832452
1536 11.342240460832452
1537 11.342240460832452
1538 11.342240460832452
1539 11.342240460832452
1540 11.342240460832452
1541 11.342240460832452
1542 11.342240460832452
1543 11.342240460832452
1544 11.342240460832452
1545 11.342240460832452
1546 11.342240460832452
1547 11.342240460832452
1548 11.342240460832452
1549 11.342240460832452
1550 11.342240460832452
1551 11.342240460832452
1552 11.342240460832452
1553 11.342240460832452
1554 11.342240460832452
1555 11.342240460832452
1556 11.342240460832452
1557 11.342240460832452
1558 11.342240460832452
1559 11.342240460832452
1560 11.342240460832452
1561 11.342240460832452
1562 11.342240460832452
1563 11.342240460832452
1564 11.342240460832452
1565 11.342240460832452
1566 11.342240460832452
1567 11.342240460832452
1568 11.342240460832452
1569 11.342240460832452
1570 11.342240460832452
1571 11.342240460832452
1572 11.342240460832452
1573 11.342240460832452
1574 11.342240460832452
1575 11.342240460832452
1576 11.342240460832452
1577 11.342240460832452
1578 11.342240460832452
1579 11.342240460832452
1580 11.342240460832452
1581 11.342240460832452
1582 11.342240460832452
1583 11.342240460832452
1584 11.577633259523122
1585 11.577633259523122
1586 11.577633259523122
1587 11.577633259523122
1588 11.577633259523122
1589 11.577633259523122
1590 11.577633259523122
1591 11.577633259523122
1592 11.577633259523122
1593 11.577633259523122
1594 11.577633259523122
1595 11.577633259523122
1596 11.577633259523122
