1 0
2 0
3 0
4 0
5 0
6 0
7 0
8 0
9 0
10 0
11 0
12 0
13 0
14 0
15 0
16 0
17 0
18 0
19 0
20 0
21 0
22 0
23 0
24 0
25 0
26 0
27 0
28 0
29 0
30 0
31 0
32 0
33 0
34 41.09285714285714
35 41.09285714285714
36 41.09285714285714
37 41.09285714285714
38 41.09285714285714
39 41.09285714285714
40 41.09285714285714
41 41.09285714285714
42 41.09285714285714
43 41.09285714285714
44 41.09285714285714
45 41.09285714285714
46 41.09285714285714
47 41.09285714285714
48 41.09285714285714
49 41.09285714285714
50 41.09285714285714
51 41.09285714285714
52 41.09285714285714
53 41.09285714285714
54 41.09285714285714
55 41.09285714285714
56 41.09285714285714
57 41.09285714285714
58 41.09285714285714
59 41.09285714285714
60 41.09285714285714
61 41.09285714285714
62 41.09285714285714
63 41.09285714285714
64 41.09285714285714
65 41.09285714285714
66 41.09285714285714
67 41.09285714285714
68 41.09285714285714
69 41.09285714285714
70 41.09285714285714
71 41.09285714285714
72 41.09285714285714
73 41.09285714285714
74 41.09285714285714
75 41.09285714285714
76 27.3952380952381
77 27.3952380952381
78 27.3952380952381
79 27.3952380952381
80 27.3952380952381
81 27.3952380952381
82 27.3952380952381
83 27.3952380952381
84 27.3952380952381
85 27.3952380952381
86 27.3952380952381
87 27.3952380952381
88 27.3952380952381
89 27.3952380952381
90 27.3952380952381
91 27.3952380952381
92 27.3952380952381
93 27.3952380952381
94 27.3952380952381
95 27.3952380952381
96 27.3952380952381
97 27.3952380952381
98 27.3952380952381
99 27.3952380952381
100 27.3952380952381
101 27.3952380952381
102 27.3952380952381
103 27.3952380952381
104 27.3952380952381
105 27.3952380952381
106 27.3952380952381
107 27.3952380952381
108 27.3952380952381
109 27.3952380952381
110 27.3952380952381
111 27.3952380952381
112 27.3952380952381
113 27.3952380952381
114 27.3952380952381
115 27.3952380952381
116 27.3952380952381
117 27.3952380952381
118 27.3952380952381
119 27.3952380952381
120 27.3952380952381
121 27.3952380952381
122 27.3952380952381
123 27.3952380952381
124 27.3952380952381
125 27.3952380952381
126 27.3952380952381
127 27.3952380952381
128 27.3952380952381
129 27.3952380952381
130 27.3952380952381
131 27.3952380952381
132 27.3952380952381
133 27.3952380952381
134 27.3952380952381
135 27.3952380952381
136 27.3952380952381
137 27.3952380952381
138 27.3952380952381
139 27.3952380952381
140 27.3952380952381
141 27.3952380952381
142 27.3952380952381
143 27.3952380952381
144 27.3952380952381
145 27.3952380952381
146 27.3952380952381
147 27.3952380952381
148 27.3952380952381
149 27.3952380952381
150 27.3952380952381
151 27.3952380952381
152 27.3952380952381
153 27.3952380952381
154 27.3952380952381
155 27.3952380952381
156 27.3952380952381
157 27.3952380952381
158 27.3952380952381
159 27.3952380952381
160 27.3952380952381
161 27.3952380952381
162 27.3952380952381
163 27.3952380952381
164 27.3952380952381
165 27.3952380952381
166 27.3952380952381
167 27.3952380952381
168 27.3952380952381
169 27.3952380952381
170 27.3952380952381
171 27.3952380952381
172 27.3952380952381
173 27.3952380952381
174 27.3952380952381
175 27.3952380952381
176 27.3952380952381
177 27.3952380952381
178 27.3952380952381
179 27.3952380952381
180 27.3952380952381
181 27.3952380952381
182 10.854716981132075
183 10.854716981132075
184 10.854716981132075
185 10.854716981132075
186 10.854716981132075
187 10.854716981132075
188 10.854716981132075
189 10.854716981132075
190 10.854716981132075
191 10.854716981132075
192 10.854716981132075
193 10.854716981132075
194 10.854716981132075
195 10.854716981132075
196 10.854716981132075
197 10.854716981132075
198 10.854716981132075
199 10.854716981132075
200 10.854716981132075
201 10.854716981132075
202 10.854716981132075
203 10.854716981132075
204 10.854716981132075
205 10.854716981132075
206 10.854716981132075
207 10.854716981132075
208 10.854716981132075
209 10.854716981132075
210 10.854716981132075
211 10.854716981132075
212 10.854716981132075
213 10.854716981132075
214 10.854716981132075
215 10.854716981132075
216 10.854716981132075
217 10.854716981132075
218 10.854716981132075
219 10.854716981132075
220 10.854716981132075
221 10.854716981132075
222 10.854716981132075
223 10.854716981132075
224 10.854716981132075
225 10.854716981132075
226 10.854716981132075
227 10.854716981132075
228 10.854716981132075
229 10.854716981132075
230 10.854716981132075
231 10.854716981132075
232 10.854716981132075
233 10.854716981132075
234 10.854716981132075
235 10.854716981132075
236 10.854716981132075
237 10.854716981132075
238 10.854716981132075
239 10.854716981132075
240 10.854716981132075
241 10.854716981132075
242 10.854716981132075
243 10.854716981132075
244 10.854716981132075
245 10.854716981132075
246 10.854716981132075
247 10.854716981132075
248 10.854716981132075
249 10.854716981132075
250 10.854716981132075
251 10.854716981132075
252 10.854716981132075
253 10.854716981132075
254 10.854716981132075
255 10.854716981132075
256 10.854716981132075
257 10.854716981132075
258 10.854716981132075
259 10.854716981132075
260 10.854716981132075
261 10.854716981132075
262 10.854716981132075
263 10.854716981132075
264 10.854716981132075
265 10.854716981132075
266 10.854716981132075
267 10.854716981132075
268 10.854716981132075
269 10.854716981132075
270 10.854716981132075
271 10.854716981132075
272 10.854716981132075
273 10.854716981132075
274 10.854716981132075
275 10.854716981132075
276 10.854716981132075
277 10.854716981132075
278 10.854716981132075
279 10.854716981132075
280 10.854716981132075
281 10.854716981132075
282 10.854716981132075
283 10.854716981132075
284 10.854716981132075
285 10.854716981132075
286 11.06346153846154
287 11.06346153846154
288 11.06346153846154
289 11.06346153846154
290 11.06346153846154
291 11.06346153846154
292 11.06346153846154
293 11.06346153846154
294 11.06346153846154
295 11.06346153846154
296 11.06346153846154
297 11.06346153846154
298 11.06346153846154
299 11.06346153846154
300 11.06346153846154
301 11.06346153846154
302 11.06346153846154
303 11.06346153846154
304 11.06346153846154
305 11.06346153846154
306 11.06346153846154
307 11.06346153846154
308 11.06346153846154
309 11.06346153846154
310 11.06346153846154
311 11.06346153846154
312 11.06346153846154
313 11.06346153846154
314 11.06346153846154
315 11.06346153846154
316 11.06346153846154
317 11.06346153846154
318 11.06346153846154
319 11.06346153846154
320 11.06346153846154
321 11.06346153846154
322 11.06346153846154
323 11.06346153846154
324 11.06346153846154
325 11.06346153846154
326 11.06346153846154
327 11.06346153846154
328 11.06346153846154
329 11.06346153846154
330 11.06346153846154
331 11.06346153846154
332 11.06346153846154
333 11.06346153846154
334 11.06346153846154
335 11.06346153846154
336 11.06346153846154
337 11.06346153846154
338 11.06346153846154
339 11.06346153846154
340 11.06346153846154
341 11.06346153846154
342 11.06346153846154
343 11.06346153846154
344 11.06346153846154
345 11.06346153846154
346 11.06346153846154
347 11.06346153846154
348 11.06346153846154
349 11.06346153846154
350 11.06346153846154
351 11.06346153846154
352 11.06346153846154
353 11.06346153846154
354 11.06346153846154
355 11.06346153846154
356 11.06346153846154
357 11.06346153846154
358 11.06346153846154
359 11.06346153846154
360 11.06346153846154
361 11.06346153846154
362 11.06346153846154
363 11.06346153846154
364 11.06346153846154
365 11.06346153846154
366 11.06346153846154
367 11.06346153846154
368 11.06346153846154
369 11.06346153846154
370 11.06346153846154
371 11.06346153846154
372 11.06346153846154
373 11.06346153846154
374 11.06346153846154
375 11.06346153846154
376 11.06346153846154
377 11.06346153846154
378 11.06346153846154
379 11.06346153846154
380 12.240425531914893
381 12.240425531914893
382 12.240425531914893
383 12.240425531914893
384 12.240425531914893
385 12.240425531914893
386 12.240425531914893
387 12.240425531914893
388 12.240425531914893
389 12.240425531914893
390 12.240425531914893
391 12.240425531914893
392 12.240425531914893
393 12.240425531914893
394 12.240425531914893
395 12.240425531914893
396 12.240425531914893
397 12.240425531914893
398 12.240425531914893
399 12.240425531914893
400 12.240425531914893
401 12.240425531914893
402 12.240425531914893
403 12.240425531914893
404 12.240425531914893
405 12.240425531914893
406 12.240425531914893
407 12.240425531914893
408 12.240425531914893
409 12.240425531914893
410 12.240425531914893
411 12.240425531914893
412 12.240425531914893
413 12.240425531914893
414 12.240425531914893
415 12.240425531914893
416 12.240425531914893
417 12.240425531914893
418 12.240425531914893
419 12.240425531914893
420 12.240425531914893
421 12.240425531914893
422 12.240425531914893
423 12.240425531914893
424 12.240425531914893
425 12.240425531914893
426 12.240425531914893
427 12.240425531914893
428 12.240425531914893
429 12.240425531914893
430 12.240425531914893
431 12.240425531914893
432 12.240425531914893
433 12.240425531914893
434 12.240425531914893
435 12.240425531914893
436 12.240425531914893
437 12.240425531914893
438 12.240425531914893
439 12.240425531914893
440 12.240425531914893
441 12.240425531914893
442 12.240425531914893
443 12.240425531914893
444 12.240425531914893
445 12.240425531914893
446 12.240425531914893
447 12.240425531914893
448 12.240425531914893
449 12.240425531914893
450 12.240425531914893
451 12.240425531914893
452 12.240425531914893
453 12.240425531914893
454 12.240425531914893
455 12.240425531914893
456 12.240425531914893
457 12.240425531914893
458 12.240425531914893
459 12.240425531914893
460 12.240425531914893
461 12.240425531914893
462 12.240425531914893
463 12.240425531914893
464 12.240425531914893
465 12.240425531914893
466 12.240425531914893
467 12.240425531914893
468 12.240425531914893
469 12.240425531914893
470 12.240425531914893
471 12.240425531914893
472 12.240425531914893
473 12.240425531914893
474 12.240425531914893
475 12.240425531914893
476 12.240425531914893
477 12.240425531914893
478 12.240425531914893
479 12.240425531914893
480 12.240425531914893
481 12.240425531914893
482 12.240425531914893
483 12.240425531914893
484 11.06346153846154
485 11.06346153846154
486 11.06346153846154
487 11.06346153846154
488 11.06346153846154
489 11.06346153846154
490 11.06346153846154
491 11.06346153846154
492 11.06346153846154
493 11.06346153846154
494 11.06346153846154
495 11.06346153846154
496 11.06346153846154
497 11.06346153846154
498 11.06346153846154
499 11.06346153846154
500 11.06346153846154
501 11.06346153846154
502 11.06346153846154
503 11.06346153846154
504 11.06346153846154
505 11.06346153846154
506 11.06346153846154
507 11.06346153846154
508 11.06346153846154
509 11.06346153846154
510 11.06346153846154
511 11.06346153846154
512 11.06346153846154
513 11.06346153846154
514 11.06346153846154
515 11.06346153846154
516 11.06346153846154
517 11.06346153846154
518 11.06346153846154
519 11.06346153846154
520 11.06346153846154
521 11.06346153846154
522 11.06346153846154
523 11.06346153846154
524 11.06346153846154
525 11.06346153846154
526 11.06346153846154
527 11.06346153846154
528 11.06346153846154
529 11.06346153846154
530 11.06346153846154
531 11.06346153846154
532 11.06346153846154
533 11.06346153846154
534 11.06346153846154
535 11.06346153846154
536 11.06346153846154
537 11.06346153846154
538 11.06346153846154
539 11.06346153846154
540 11.06346153846154
541 11.06346153846154
542 11.06346153846154
543 11.06346153846154
544 11.06346153846154
545 11.06346153846154
546 11.06346153846154
547 11.06346153846154
548 11.06346153846154
549 11.06346153846154
550 11.06346153846154
551 11.06346153846154
552 11.06346153846154
553 11.06346153846154
554 11.06346153846154
555 11.06346153846154
556 11.06346153846154
557 11.06346153846154
558 11.06346153846154
559 11.06346153846154
560 11.06346153846154
561 11.06346153846154
562 11.06346153846154
563 11.06346153846154
564 11.06346153846154
565 11.06346153846154
566 11.06346153846154
567 11.06346153846154
568 11.06346153846154
569 11.06346153846154
570 11.06346153846154
571 11.06346153846154
572 11.06346153846154
573 11.06346153846154
574 11.06346153846154
575 11.06346153846154
576 11.06346153846154
577 11.06346153846154
578 11.06346153846154
579 11.06346153846154
580 11.06346153846154
581 11.06346153846154
582 11.06346153846154
583 11.06346153846154
584 11.06346153846154
585 11.06346153846154
586 11.06346153846154
587 11.06346153846154
588 11.06346153846154
589 11.06346153846154
590 11.06346153846154
591 11.06346153846154
592 11.06346153846154
593 11.06346153846154
594 11.06346153846154
595 11.06346153846154
596 11.06346153846154
597 11.06346153846154
598 11.06346153846154
599 11.06346153846154
600 11.06346153846154
601 11.06346153846154
602 11.06346153846154
603 11.06346153846154
604 11.06346153846154
605 11.06346153846154
606 11.06346153846154
607 11.06346153846154
608 11.06346153846154
609 11.06346153846154
610 11.06346153846154
611 11.06346153846154
612 11.06346153846154
613 11.06346153846154
614 11.06346153846154
615 11.06346153846154
616 11.06346153846154
617 11.06346153846154
618 11.06346153846154
619 11.06346153846154
620 11.06346153846154
621 11.06346153846154
622 11.06346153846154
623 11.06346153846154
624 11.06346153846154
625 11.06346153846154
626 11.06346153846154
627 11.06346153846154
628 11.06346153846154
629 11.06346153846154
630 11.06346153846154
631 11.06346153846154
632 11.06346153846154
633 11.06346153846154
634 11.06346153846154
635 11.06346153846154
636 11.06346153846154
637 11.06346153846154
638 11.06346153846154
639 11.06346153846154
640 11.06346153846154
641 11.06346153846154
642 11.06346153846154
643 11.06346153846154
644 11.06346153846154
645 11.06346153846154
646 11.06346153846154
647 11.06346153846154
648 11.06346153846154
649 11.06346153846154
650 11.06346153846154
651 11.06346153846154
652 11.06346153846154
653 11.06346153846154
654 11.06346153846154
655 11.06346153846154
656 11.06346153846154
657 11.06346153846154
658 11.06346153846154
659 11.06346153846154
660 11.06346153846154
661 11.06346153846154
662 11.06346153846154
663 11.06346153846154
664 11.06346153846154
665 11.06346153846154
666 11.06346153846154
667 11.06346153846154
668 11.06346153846154
669 11.06346153846154
670 11.06346153846154
671 11.06346153846154
672 11.06346153846154
673 11.06346153846154
674 11.06346153846154
675 11.06346153846154
676 11.06346153846154
677 11.06346153846154
678 11.06346153846154
679 11.06346153846154
680 11.06346153846154
681 11.06346153846154
682 12.240425531914893
683 12.240425531914893
684 12.240425531914893
685 12.240425531914893
686 12.240425531914893
687 12.240425531914893
688 12.240425531914893
689 12.240425531914893
690 12.240425531914893
691 12.240425531914893
692 12.240425531914893
693 12.240425531914893
694 12.240425531914893
695 12.240425531914893
696 12.240425531914893
697 12.240425531914893
698 12.240425531914893
699 12.240425531914893
700 12.240425531914893
701 12.240425531914893
702 12.240425531914893
703 12.240425531914893
704 12.240425531914893
705 12.240425531914893
706 12.240425531914893
707 12.240425531914893
708 12.240425531914893
709 12.240425531914893
710 12.240425531914893
711 12.240425531914893
712 12.240425531914893
713 12.240425531914893
714 12.240425531914893
715 12.240425531914893
716 12.240425531914893
717 12.240425531914893
718 12.240425531914893
719 12.240425531914893
720 12.240425531914893
721 12.240425531914893
722 12.240425531914893
723 12.240425531914893
724 12.240425531914893
725 12.240425531914893
726 12.240425531914893
727 12.240425531914893
728 12.240425531914893
729 12.240425531914893
730 12.240425531914893
731 12.240425531914893
732 12.240425531914893
733 12.240425531914893
734 12.240425531914893
735 12.240425531914893
736 12.240425531914893
737 12.240425531914893
738 12.240425531914893
739 12.240425531914893
740 12.240425531914893
741 12.240425531914893
742 12.240425531914893
743 12.240425531914893
744 12.240425531914893
745 12.240425531914893
746 12.240425531914893
747 12.240425531914893
748 12.240425531914893
749 12.240425531914893
750 12.240425531914893
751 12.240425531914893
752 12.240425531914893
753 12.240425531914893
754 12.240425531914893
755 12.240425531914893
756 12.240425531914893
757 12.240425531914893
758 12.240425531914893
759 12.240425531914893
760 12.240425531914893
761 12.240425531914893
762 12.240425531914893
763 12.240425531914893
764 12.240425531914893
765 12.240425531914893
766 12.240425531914893
767 12.240425531914893
768 12.240425531914893
769 12.240425531914893
770 12.240425531914893
771 12.240425531914893
772 12.240425531914893
773 12.240425531914893
774 12.240425531914893
775 12.240425531914893
776 12.240425531914893
777 12.240425531914893
778 12.240425531914893
779 12.240425531914893
780 12.240425531914893
781 12.240425531914893
782 12.240425531914893
783 12.240425531914893
784 11.280392156862746
785 11.280392156862746
786 11.280392156862746
787 11.280392156862746
788 11.280392156862746
789 11.280392156862746
790 11.280392156862746
791 11.280392156862746
792 11.280392156862746
793 11.280392156862746
794 11.280392156862746
795 11.280392156862746
796 11.280392156862746
797 11.280392156862746
798 11.280392156862746
799 11.280392156862746
800 11.280392156862746
801 11.280392156862746
802 11.280392156862746
803 11.280392156862746
804 11.280392156862746
805 11.280392156862746
806 11.280392156862746
807 11.280392156862746
808 11.280392156862746
809 11.280392156862746
810 11.280392156862746
811 11.280392156862746
812 11.280392156862746
813 11.280392156862746
814 11.280392156862746
815 11.280392156862746
816 11.280392156862746
817 11.280392156862746
818 11.280392156862746
819 11.280392156862746
820 11.280392156862746
821 11.280392156862746
822 11.280392156862746
823 11.280392156862746
824 11.280392156862746
825 11.280392156862746
826 11.280392156862746
827 11.280392156862746
828 11.280392156862746
829 11.280392156862746
830 11.280392156862746
831 11.280392156862746
832 11.280392156862746
833 11.280392156862746
834 11.280392156862746
835 11.280392156862746
836 11.280392156862746
837 11.280392156862746
838 11.280392156862746
839 11.280392156862746
840 11.280392156862746
841 11.280392156862746
842 11.280392156862746
843 11.280392156862746
844 11.280392156862746
845 11.280392156862746
846 11.280392156862746
847 11.280392156862746
848 11.280392156862746
849 11.280392156862746
850 11.280392156862746
851 11.280392156862746
852 11.280392156862746
853 11.280392156862746
854 11.280392156862746
855 11.280392156862746
856 11.280392156862746
857 11.280392156862746
858 11.280392156862746
859 11.280392156862746
860 11.280392156862746
861 11.280392156862746
862 11.280392156862746
863 11.280392156862746
864 11.280392156862746
865 11.280392156862746
866 11.280392156862746
867 11.280392156862746
868 11.280392156862746
869 11.280392156862746
870 11.280392156862746
871 11.280392156862746
872 11.280392156862746
873 11.280392156862746
874 11.280392156862746
875 11.280392156862746
876 11.280392156862746
877 11.280392156862746
878 11.280392156862746
879 11.280392156862746
880 11.280392156862746
881 11.280392156862746
882 11.280392156862746
883 11.280392156862746
884 11.280392156862746
885 11.280392156862746
886 11.280392156862746
887 11.280392156862746
888 11.06346153846154
889 11.06346153846154
890 11.06346153846154
891 11.06346153846154
892 11.06346153846154
893 11.06346153846154
894 11.06346153846154
895 11.06346153846154
896 11.06346153846154
897 11.06346153846154
898 11.06346153846154
899 11.06346153846154
900 11.06346153846154
901 11.06346153846154
902 11.06346153846154
903 11.06346153846154
904 11.06346153846154
905 11.06346153846154
906 11.06346153846154
907 11.06346153846154
908 11.06346153846154
909 11.06346153846154
910 11.06346153846154
911 11.06346153846154
912 11.06346153846154
913 11.06346153846154
914 11.06346153846154
915 11.06346153846154
916 11.06346153846154
917 11.06346153846154
918 11.06346153846154
919 11.06346153846154
920 11.06346153846154
921 11.06346153846154
922 11.06346153846154
923 11.06346153846154
924 11.06346153846154
925 11.06346153846154
926 11.06346153846154
927 11.06346153846154
928 11.06346153846154
929 11.06346153846154
930 11.06346153846154
931 11.06346153846154
932 11.06346153846154
933 11.06346153846154
934 11.06346153846154
935 11.06346153846154
936 11.06346153846154
937 11.06346153846154
938 11.06346153846154
939 11.06346153846154
940 11.06346153846154
941 11.06346153846154
942 11.06346153846154
943 11.06346153846154
944 11.06346153846154
945 11.06346153846154
946 11.06346153846154
947 11.06346153846154
948 11.06346153846154
949 11.06346153846154
950 11.06346153846154
951 11.06346153846154
952 11.06346153846154
953 11.06346153846154
954 11.06346153846154
955 11.06346153846154
956 11.06346153846154
957 11.06346153846154
958 11.06346153846154
959 11.06346153846154
960 11.06346153846154
961 11.06346153846154
962 11.06346153846154
963 11.06346153846154
964 11.06346153846154
965 11.06346153846154
966 11.06346153846154
967 11.06346153846154
968 11.06346153846154
969 11.06346153846154
970 11.06346153846154
971 11.06346153846154
972 11.06346153846154
973 11.06346153846154
974 11.06346153846154
975 11.06346153846154
976 11.06346153846154
977 11.06346153846154
978 11.06346153846154
979 11.06346153846154
980 11.06346153846154
981 11.06346153846154
982 12.240425531914893
983 12.240425531914893
984 12.240425531914893
985 12.240425531914893
986 12.240425531914893
987 12.240425531914893
988 12.240425531914893
989 12.240425531914893
990 12.240425531914893
991 12.240425531914893
992 12.240425531914893
993 12.240425531914893
994 12.240425531914893
995 12.240425531914893
996 12.240425531914893
997 12.240425531914893
998 12.240425531914893
999 12.240425531914893
1000 12.240425531914893
1001 12.240425531914893
1002 12.240425531914893
1003 12.240425531914893
1004 12.240425531914893
1005 12.240425531914893
1006 12.240425531914893
1007 12.240425531914893
1008 12.240425531914893
1009 12.240425531914893
1010 12.240425531914893
1011 12.240425531914893
1012 12.240425531914893
1013 12.240425531914893
1014 12.240425531914893
1015 12.240425531914893
1016 12.240425531914893
1017 12.240425531914893
1018 12.240425531914893
1019 12.240425531914893
1020 12.240425531914893
1021 12.240425531914893
1022 12.240425531914893
1023 12.240425531914893
1024 12.240425531914893
1025 12.240425531914893
1026 12.240425531914893
1027 12.240425531914893
1028 12.240425531914893
1029 12.240425531914893
1030 12.240425531914893
1031 12.240425531914893
1032 12.240425531914893
1033 12.240425531914893
1034 12.240425531914893
1035 12.240425531914893
1036 12.240425531914893
1037 12.240425531914893
1038 12.240425531914893
1039 12.240425531914893
1040 12.240425531914893
1041 12.240425531914893
1042 12.240425531914893
1043 12.240425531914893
1044 12.240425531914893
1045 12.240425531914893
1046 12.240425531914893
1047 12.240425531914893
1048 12.240425531914893
1049 12.240425531914893
1050 12.240425531914893
1051 12.240425531914893
1052 12.240425531914893
1053 12.240425531914893
1054 12.240425531914893
1055 12.240425531914893
1056 12.240425531914893
1057 12.240425531914893
1058 12.240425531914893
1059 12.240425531914893
1060 12.240425531914893
1061 12.240425531914893
1062 12.240425531914893
1063 12.240425531914893
1064 12.240425531914893
1065 12.240425531914893
1066 12.240425531914893
1067 12.240425531914893
1068 12.240425531914893
1069 12.240425531914893
1070 12.240425531914893
1071 12.240425531914893
1072 12.240425531914893
1073 12.240425531914893
1074 12.240425531914893
1075 12.240425531914893
1076 12.240425531914893
1077 12.240425531914893
1078 12.240425531914893
1079 12.240425531914893
1080 12.240425531914893
1081 12.240425531914893
1082 12.240425531914893
1083 12.240425531914893
1084 12.240425531914893
1085 12.240425531914893
1086 11.06346153846154
1087 11.06346153846154
1088 11.06346153846154
1089 11.06346153846154
1090 11.06346153846154
1091 11.06346153846154
1092 11.06346153846154
1093 11.06346153846154
1094 11.06346153846154
1095 11.06346153846154
1096 11.06346153846154
1097 11.06346153846154
1098 11.06346153846154
1099 11.06346153846154
1100 11.06346153846154
1101 11.06346153846154
1102 11.06346153846154
1103 11.06346153846154
1104 11.06346153846154
1105 11.06346153846154
1106 11.06346153846154
1107 11.06346153846154
1108 11.06346153846154
1109 11.06346153846154
1110 11.06346153846154
1111 11.06346153846154
1112 11.06346153846154
1113 11.06346153846154
1114 11.06346153846154
1115 11.06346153846154
1116 11.06346153846154
1117 11.06346153846154
1118 11.06346153846154
1119 11.06346153846154
1120 11.06346153846154
1121 11.06346153846154
1122 11.06346153846154
1123 11.06346153846154
1124 11.06346153846154
1125 11.06346153846154
1126 11.06346153846154
1127 11.06346153846154
1128 11.06346153846154
1129 11.06346153846154
1130 11.06346153846154
1131 11.06346153846154
1132 11.06346153846154
1133 11.06346153846154
1134 11.06346153846154
1135 11.06346153846154
1136 11.06346153846154
1137 11.06346153846154
1138 11.06346153846154
1139 11.06346153846154
1140 11.06346153846154
1141 11.06346153846154
1142 11.06346153846154
1143 11.06346153846154
1144 11.06346153846154
1145 11.06346153846154
1146 11.06346153846154
1147 11.06346153846154
1148 11.06346153846154
1149 11.06346153846154
1150 11.06346153846154
1151 11.06346153846154
1152 11.06346153846154
1153 11.06346153846154
1154 11.06346153846154
1155 11.06346153846154
1156 11.06346153846154
1157 11.06346153846154
1158 11.06346153846154
1159 11.06346153846154
1160 11.06346153846154
1161 11.06346153846154
1162 11.06346153846154
1163 11.06346153846154
1164 11.06346153846154
1165 11.06346153846154
1166 11.06346153846154
1167 11.06346153846154
1168 11.06346153846154
1169 11.06346153846154
1170 11.06346153846154
1171 11.06346153846154
1172 11.06346153846154
1173 11.06346153846154
1174 11.06346153846154
1175 11.06346153846154
1176 11.06346153846154
1177 11.06346153846154
1178 11.06346153846154
1179 11.06346153846154
1180 11.06346153846154
1181 11.06346153846154
1182 11.06346153846154
1183 11.06346153846154
1184 11.06346153846154
1185 11.06346153846154
1186 11.06346153846154
1187 11.06346153846154
1188 11.280392156862746
1189 11.280392156862746
1190 11.280392156862746
1191 11.280392156862746
1192 11.280392156862746
1193 11.280392156862746
1194 11.280392156862746
1195 11.280392156862746
1196 11.280392156862746
1197 11.280392156862746
1198 11.280392156862746
1199 11.280392156862746
1200 11.280392156862746
1201 11.280392156862746
1202 11.280392156862746
1203 11.280392156862746
1204 11.280392156862746
1205 11.280392156862746
1206 11.280392156862746
1207 11.280392156862746
1208 11.280392156862746
1209 11.280392156862746
1210 11.280392156862746
1211 11.280392156862746
1212 11.280392156862746
1213 11.280392156862746
1214 11.280392156862746
1215 11.280392156862746
1216 11.280392156862746
1217 11.280392156862746
1218 11.280392156862746
1219 11.280392156862746
1220 11.280392156862746
1221 11.280392156862746
1222 11.280392156862746
1223 11.280392156862746
1224 11.280392156862746
1225 11.280392156862746
1226 11.280392156862746
1227 11.280392156862746
1228 11.280392156862746
1229 11.280392156862746
1230 11.280392156862746
1231 11.280392156862746
1232 11.280392156862746
1233 11.280392156862746
1234 11.280392156862746
1235 11.280392156862746
1236 11.280392156862746
1237 11.280392156862746
1238 11.280392156862746
1239 11.280392156862746
1240 11.280392156862746
1241 11.280392156862746
1242 11.280392156862746
1243 11.280392156862746
1244 11.280392156862746
1245 11.280392156862746
1246 11.280392156862746
1247 11.280392156862746
1248 11.280392156862746
1249 11.280392156862746
1250 11.280392156862746
1251 11.280392156862746
1252 11.280392156862746
1253 11.280392156862746
1254 11.280392156862746
1255 11.280392156862746
1256 11.280392156862746
1257 11.280392156862746
1258 11.280392156862746
1259 11.280392156862746
1260 11.280392156862746
1261 11.280392156862746
1262 11.280392156862746
1263 11.280392156862746
1264 11.280392156862746
1265 11.280392156862746
1266 11.280392156862746
1267 11.280392156862746
1268 11.280392156862746
1269 11.280392156862746
1270 11.280392156862746
1271 11.280392156862746
1272 11.280392156862746
1273 11.280392156862746
1274 11.280392156862746
1275 11.280392156862746
1276 11.280392156862746
1277 11.280392156862746
1278 11.280392156862746
1279 11.280392156862746
1280 11.280392156862746
1281 11.280392156862746
1282 12.240425531914893
1283 12.240425531914893
1284 12.240425531914893
1285 12.240425531914893
1286 12.240425531914893
1287 12.240425531914893
1288 12.240425531914893
1289 12.240425531914893
1290 12.240425531914893
1291 12.240425531914893
1292 12.240425531914893
1293 12.240425531914893
1294 12.240425531914893
1295 12.240425531914893
1296 12.240425531914893
1297 12.240425531914893
1298 12.240425531914893
1299 12.240425531914893
1300 12.240425531914893
1301 12.240425531914893
1302 12.240425531914893
1303 12.240425531914893
1304 12.240425531914893
1305 12.240425531914893
1306 12.240425531914893
1307 12.240425531914893
1308 12.240425531914893
1309 12.240425531914893
1310 12.240425531914893
1311 12.240425531914893
1312 12.240425531914893
1313 12.240425531914893
1314 12.240425531914893
1315 12.240425531914893
1316 12.240425531914893
1317 12.240425531914893
1318 12.240425531914893
1319 12.240425531914893
1320 12.240425531914893
1321 12.240425531914893
1322 12.240425531914893
1323 12.240425531914893
1324 12.240425531914893
1325 12.240425531914893
1326 12.240425531914893
1327 12.240425531914893
1328 12.240425531914893
1329 12.240425531914893
1330 12.240425531914893
1331 12.240425531914893
1332 12.240425531914893
1333 12.240425531914893
1334 12.240425531914893
1335 12.240425531914893
1336 12.240425531914893
1337 12.240425531914893
1338 12.240425531914893
1339 12.240425531914893
1340 12.240425531914893
1341 12.240425531914893
1342 12.240425531914893
1343 12.240425531914893
1344 12.240425531914893
1345 12.240425531914893
1346 12.240425531914893
1347 12.240425531914893
1348 12.240425531914893
1349 12.240425531914893
1350 12.240425531914893
1351 12.240425531914893
1352 12.240425531914893
1353 12.240425531914893
1354 12.240425531914893
1355 12.240425531914893
1356 12.240425531914893
1357 12.240425531914893
1358 12.240425531914893
1359 12.240425531914893
1360 12.240425531914893
1361 12.240425531914893
1362 12.240425531914893
1363 12.240425531914893
1364 12.240425531914893
1365 12.240425531914893
1366 12.240425531914893
1367 12.240425531914893
1368 12.240425531914893
1369 12.240425531914893
1370 12.240425531914893
1371 12.240425531914893
1372 12.240425531914893
1373 12.240425531914893
1374 12.240425531914893
1375 12.240425531914893
1376 12.240425531914893
1377 12.240425531914893
1378 12.240425531914893
1379 12.240425531914893
1380 12.240425531914893
1381 12.240425531914893
1382 12.240425531914893
1383 12.240425531914893
1384 12.240425531914893
1385 12.240425531914893
1386 11.06346153846154
1387 11.06346153846154
1388 11.06346153846154
1389 11.06346153846154
1390 11.06346153846154
1391 11.06346153846154
1392 11.06346153846154
1393 11.06346153846154
1394 11.06346153846154
1395 11.06346153846154
1396 11.06346153846154
1397 11.06346153846154
1398 11.06346153846154
1399 11.06346153846154
1400 11.06346153846154
1401 11.06346153846154
1402 11.06346153846154
1403 11.06346153846154
1404 11.06346153846154
1405 11.06346153846154
1406 11.06346153846154
1407 11.06346153846154
1408 11.06346153846154
1409 11.06346153846154
1410 11.06346153846154
1411 11.06346153846154
1412 11.06346153846154
1413 11.06346153846154
1414 11.06346153846154
1415 11.06346153846154
1416 11.06346153846154
1417 11.06346153846154
1418 11.06346153846154
1419 11.06346153846154
1420 11.06346153846154
1421 11.06346153846154
1422 11.06346153846154
1423 11.06346153846154
1424 11.06346153846154
1425 11.06346153846154
1426 11.06346153846154
1427 11.06346153846154
1428 11.06346153846154
1429 11.06346153846154
1430 11.06346153846154
1431 11.06346153846154
1432 11.06346153846154
1433 11.06346153846154
1434 11.06346153846154
1435 11.06346153846154
1436 11.06346153846154
1437 11.06346153846154
1438 11.06346153846154
1439 11.06346153846154
1440 11.06346153846154
1441 11.06346153846154
1442 11.06346153846154
1443 11.06346153846154
1444 11.06346153846154
1445 11.06346153846154
1446 11.06346153846154
1447 11.06346153846154
1448 11.06346153846154
1449 11.06346153846154
1450 11.06346153846154
1451 11.06346153846154
1452 11.06346153846154
1453 11.06346153846154
1454 11.06346153846154
1455 11.06346153846154
1456 11.06346153846154
1457 11.06346153846154
1458 11.06346153846154
1459 11.06346153846154
1460 11.06346153846154
1461 11.06346153846154
1462 11.06346153846154
1463 11.06346153846154
1464 11.06346153846154
1465 11.06346153846154
1466 11.06346153846154
1467 11.06346153846154
1468 11.06346153846154
1469 11.06346153846154
1470 11.06346153846154
1471 11.06346153846154
1472 11.06346153846154
1473 11.06346153846154
1474 11.06346153846154
1475 11.06346153846154
1476 11.06346153846154
1477 11.06346153846154
1478 11.06346153846154
1479 11.06346153846154
1480 11.06346153846154
1481 11.06346153846154
1482 11.06346153846154
1483 11.06346153846154
1484 11.06346153846154
1485 11.06346153846154
1486 11.06346153846154
1487 11.06346153846154
1488 11.06346153846154
1489 11.06346153846154
1490 11.06346153846154
1491 11.06346153846154
1492 11.06346153846154
1493 11.06346153846154
1494 11.06346153846154
1495 11.06346153846154
1496 11.06346153846154
1497 11.06346153846154
1498 11.06346153846154
1499 11.06346153846154
1500 11.06346153846154
1501 11.06346153846154
1502 11.06346153846154
1503 11.06346153846154
1504 11.06346153846154
1505 11.06346153846154
1506 11.06346153846154
1507 11.06346153846154
1508 11.06346153846154
1509 11.06346153846154
1510 11.06346153846154
1511 11.06346153846154
1512 11.06346153846154
1513 11.06346153846154
1514 11.06346153846154
1515 11.06346153846154
1516 11.06346153846154
1517 11.06346153846154
1518 11.06346153846154
1519 11.06346153846154
1520 11.06346153846154
1521 11.06346153846154
1522 11.06346153846154
1523 11.06346153846154
1524 11.06346153846154
1525 11.06346153846154
1526 11.06346153846154
1527 11.06346153846154
1528 11.06346153846154
1529 11.06346153846154
1530 11.06346153846154
1531 11.06346153846154
1532 11.06346153846154
1533 11.06346153846154
1534 11.06346153846154
1535 11.06346153846154
1536 11.06346153846154
1537 11.06346153846154
1538 11.06346153846154
1539 11.06346153846154
1540 11.06346153846154
1541 11.06346153846154
1542 11.06346153846154
1543 11.06346153846154
1544 11.06346153846154
1545 11.06346153846154
1546 11.06346153846154
1547 11.06346153846154
1548 11.06346153846154
1549 11.06346153846154
1550 11.06346153846154
1551 11.06346153846154
1552 11.06346153846154
1553 11.06346153846154
1554 11.06346153846154
1555 11.06346153846154
1556 11.06346153846154
1557 11.06346153846154
1558 11.06346153846154
1559 11.06346153846154
1560 11.06346153846154
1561 11.06346153846154
1562 11.06346153846154
1563 11.06346153846154
1564 11.06346153846154
1565 11.06346153846154
1566 11.06346153846154
1567 11.06346153846154
1568 11.06346153846154
1569 11.06346153846154
1570 11.06346153846154
1571 11.06346153846154
1572 11.06346153846154
1573 11.06346153846154
1574 11.06346153846154
1575 11.06346153846154
1576 11.06346153846154
1577 11.06346153846154
1578 11.06346153846154
1579 11.06346153846154
1580 11.06346153846154
1581 11.06346153846154
1582 11.06346153846154
1583 11.06346153846154
1584 12.240425531914893
1585 12.240425531914893
1586 12.240425531914893
1587 12.240425531914893
1588 12.240425531914893
1589 12.240425531914893
1590 12.240425531914893
1591 12.240425531914893
1592 12.240425531914893
1593 12.240425531914893
1594 12.240425531914893
1595 12.240425531914893
1596 12.240425531914893
