1 0
2 0
3 0
4 0
5 0
6 0
7 0
8 0
9 0
10 0
11 0
12 0
13 0
14 0
15 0
16 0
17 0
18 0
19 0
20 0
21 0
22 0
23 0
24 0
25 0
26 0
27 0
28 0
29 0
30 0
31 0
32 0
33 0
34 41.09285714285714
35 41.09285714285714
36 41.09285714285714
37 41.09285714285714
38 41.09285714285714
39 41.09285714285714
40 41.09285714285714
41 41.09285714285714
42 41.09285714285714
43 41.09285714285714
44 41.09285714285714
45 41.09285714285714
46 41.09285714285714
47 41.09285714285714
48 41.09285714285714
49 41.09285714285714
50 41.09285714285714
51 41.09285714285714
52 41.09285714285714
53 41.09285714285714
54 41.09285714285714
55 41.09285714285714
56 41.09285714285714
57 41.09285714285714
58 41.09285714285714
59 41.09285714285714
60 41.09285714285714
61 41.09285714285714
62 41.09285714285714
63 41.09285714285714
64 41.09285714285714
65 41.09285714285714
66 41.09285714285714
67 41.09285714285714
68 41.09285714285714
69 41.09285714285714
70 41.09285714285714
71 41.09285714285714
72 41.09285714285714
73 41.09285714285714
74 41.09285714285714
75 41.09285714285714
76 34.24404761904762
77 34.24404761904762
78 34.24404761904762
79 34.24404761904762
80 34.24404761904762
81 34.24404761904762
82 34.24404761904762
83 34.24404761904762
84 34.24404761904762
85 34.24404761904762
86 34.24404761904762
87 34.24404761904762
88 34.24404761904762
89 34.24404761904762
90 34.24404761904762
91 34.24404761904762
92 34.24404761904762
93 34.24404761904762
94 34.24404761904762
95 34.24404761904762
96 34.24404761904762
97 34.24404761904762
98 34.24404761904762
99 34.24404761904762
100 34.24404761904762
101 34.24404761904762
102 34.24404761904762
103 34.24404761904762
104 34.24404761904762
105 34.24404761904762
106 34.24404761904762
107 34.24404761904762
108 34.24404761904762
109 34.24404761904762
110 34.24404761904762
111 34.24404761904762
112 34.24404761904762
113 34.24404761904762
114 34.24404761904762
115 34.24404761904762
116 34.24404761904762
117 34.24404761904762
118 34.24404761904762
119 34.24404761904762
120 34.24404761904762
121 34.24404761904762
122 34.24404761904762
123 34.24404761904762
124 34.24404761904762
125 34.24404761904762
126 34.24404761904762
127 34.24404761904762
128 34.24404761904762
129 34.24404761904762
130 34.24404761904762
131 34.24404761904762
132 34.24404761904762
133 34.24404761904762
134 34.24404761904762
135 34.24404761904762
136 34.24404761904762
137 34.24404761904762
138 34.24404761904762
139 34.24404761904762
140 34.24404761904762
141 34.24404761904762
142 34.24404761904762
143 34.24404761904762
144 34.24404761904762
145 34.24404761904762
146 34.24404761904762
147 34.24404761904762
148 34.24404761904762
149 34.24404761904762
150 34.24404761904762
151 34.24404761904762
152 34.24404761904762
153 34.24404761904762
154 34.24404761904762
155 34.24404761904762
156 34.24404761904762
157 34.24404761904762
158 34.24404761904762
159 34.24404761904762
160 34.24404761904762
161 34.24404761904762
162 34.24404761904762
163 34.24404761904762
164 34.24404761904762
165 34.24404761904762
166 34.24404761904762
167 34.24404761904762
168 34.24404761904762
169 34.24404761904762
170 34.24404761904762
171 34.24404761904762
172 34.24404761904762
173 34.24404761904762
174 34.24404761904762
175 34.24404761904762
176 34.24404761904762
177 34.24404761904762
178 34.24404761904762
179 34.24404761904762
180 34.24404761904762
181 34.24404761904762
182 26.44760407307577
183 26.44760407307577
184 26.44760407307577
185 26.44760407307577
186 26.44760407307577
187 26.44760407307577
188 26.44760407307577
189 26.44760407307577
190 26.44760407307577
191 26.44760407307577
192 26.44760407307577
193 26.44760407307577
194 26.44760407307577
195 26.44760407307577
196 26.44760407307577
197 26.44760407307577
198 26.44760407307577
199 26.44760407307577
200 26.44760407307577
201 26.44760407307577
202 26.44760407307577
203 26.44760407307577
204 26.44760407307577
205 26.44760407307577
206 26.44760407307577
207 26.44760407307577
208 26.44760407307577
209 26.44760407307577
210 26.44760407307577
211 26.44760407307577
212 26.44760407307577
213 26.44760407307577
214 26.44760407307577
215 26.44760407307577
216 26.44760407307577
217 26.44760407307577
218 26.44760407307577
219 26.44760407307577
220 26.44760407307577
221 26.44760407307577
222 26.44760407307577
223 26.44760407307577
224 26.44760407307577
225 26.44760407307577
226 26.44760407307577
227 26.44760407307577
228 26.44760407307577
229 26.44760407307577
230 26.44760407307577
231 26.44760407307577
232 26.44760407307577
233 26.44760407307577
234 26.44760407307577
235 26.44760407307577
236 26.44760407307577
237 26.44760407307577
238 26.44760407307577
239 26.44760407307577
240 26.44760407307577
241 26.44760407307577
242 26.44760407307577
243 26.44760407307577
244 26.44760407307577
245 26.44760407307577
246 26.44760407307577
247 26.44760407307577
248 26.44760407307577
249 26.44760407307577
250 26.44760407307577
251 26.44760407307577
252 26.44760407307577
253 26.44760407307577
254 26.44760407307577
255 26.44760407307577
256 26.44760407307577
257 26.44760407307577
258 26.44760407307577
259 26.44760407307577
260 26.44760407307577
261 26.44760407307577
262 26.44760407307577
263 26.44760407307577
264 26.44760407307577
265 26.44760407307577
266 26.44760407307577
267 26.44760407307577
268 26.44760407307577
269 26.44760407307577
270 26.44760407307577
271 26.44760407307577
272 26.44760407307577
273 26.44760407307577
274 26.44760407307577
275 26.44760407307577
276 26.44760407307577
277 26.44760407307577
278 26.44760407307577
279 26.44760407307577
280 26.44760407307577
281 26.44760407307577
282 26.44760407307577
283 26.44760407307577
284 26.44760407307577
285 26.44760407307577
286 22.601568439422213
287 22.601568439422213
288 22.601568439422213
289 22.601568439422213
290 22.601568439422213
291 22.601568439422213
292 22.601568439422213
293 22.601568439422213
294 22.601568439422213
295 22.601568439422213
296 22.601568439422213
297 22.601568439422213
298 22.601568439422213
299 22.601568439422213
300 22.601568439422213
301 22.601568439422213
302 22.601568439422213
303 22.601568439422213
304 22.601568439422213
305 22.601568439422213
306 22.601568439422213
307 22.601568439422213
308 22.601568439422213
309 22.601568439422213
310 22.601568439422213
311 22.601568439422213
312 22.601568439422213
313 22.601568439422213
314 22.601568439422213
315 22.601568439422213
316 22.601568439422213
317 22.601568439422213
318 22.601568439422213
319 22.601568439422213
320 22.601568439422213
321 22.601568439422213
322 22.601568439422213
323 22.601568439422213
324 22.601568439422213
325 22.601568439422213
326 22.601568439422213
327 22.601568439422213
328 22.601568439422213
329 22.601568439422213
330 22.601568439422213
331 22.601568439422213
332 22.601568439422213
333 22.601568439422213
334 22.601568439422213
335 22.601568439422213
336 22.601568439422213
337 22.601568439422213
338 22.601568439422213
339 22.601568439422213
340 22.601568439422213
341 22.601568439422213
342 22.601568439422213
343 22.601568439422213
344 22.601568439422213
345 22.601568439422213
346 22.601568439422213
347 22.601568439422213
348 22.601568439422213
349 22.601568439422213
350 22.601568439422213
351 22.601568439422213
352 22.601568439422213
353 22.601568439422213
354 22.601568439422213
355 22.601568439422213
356 22.601568439422213
357 22.601568439422213
358 22.601568439422213
359 22.601568439422213
360 22.601568439422213
361 22.601568439422213
362 22.601568439422213
363 22.601568439422213
364 22.601568439422213
365 22.601568439422213
366 22.601568439422213
367 22.601568439422213
368 22.601568439422213
369 22.601568439422213
370 22.601568439422213
371 22.601568439422213
372 22.601568439422213
373 22.601568439422213
374 22.601568439422213
375 22.601568439422213
376 22.601568439422213
377 22.601568439422213
378 22.601568439422213
379 22.601568439422213
380 20.52933985792075
381 20.52933985792075
382 20.52933985792075
383 20.52933985792075
384 20.52933985792075
385 20.52933985792075
386 20.52933985792075
387 20.52933985792075
388 20.52933985792075
389 20.52933985792075
390 20.52933985792075
391 20.52933985792075
392 20.52933985792075
393 20.52933985792075
394 20.52933985792075
395 20.52933985792075
396 20.52933985792075
397 20.52933985792075
398 20.52933985792075
399 20.52933985792075
400 20.52933985792075
401 20.52933985792075
402 20.52933985792075
403 20.52933985792075
404 20.52933985792075
405 20.52933985792075
406 20.52933985792075
407 20.52933985792075
408 20.52933985792075
409 20.52933985792075
410 20.52933985792075
411 20.52933985792075
412 20.52933985792075
413 20.52933985792075
414 20.52933985792075
415 20.52933985792075
416 20.52933985792075
417 20.52933985792075
418 20.52933985792075
419 20.52933985792075
420 20.52933985792075
421 20.52933985792075
422 20.52933985792075
423 20.52933985792075
424 20.52933985792075
425 20.52933985792075
426 20.52933985792075
427 20.52933985792075
428 20.52933985792075
429 20.52933985792075
430 20.52933985792075
431 20.52933985792075
432 20.52933985792075
433 20.52933985792075
434 20.52933985792075
435 20.52933985792075
436 20.52933985792075
437 20.52933985792075
438 20.52933985792075
439 20.52933985792075
440 20.52933985792075
441 20.52933985792075
442 20.52933985792075
443 20.52933985792075
444 20.52933985792075
445 20.52933985792075
446 20.52933985792075
447 20.52933985792075
448 20.52933985792075
449 20.52933985792075
450 20.52933985792075
451 20.52933985792075
452 20.52933985792075
453 20.52933985792075
454 20.52933985792075
455 20.52933985792075
456 20.52933985792075
457 20.52933985792075
458 20.52933985792075
459 20.52933985792075
460 20.52933985792075
461 20.52933985792075
462 20.52933985792075
463 20.52933985792075
464 20.52933985792075
465 20.52933985792075
466 20.52933985792075
467 20.52933985792075
468 20.52933985792075
469 20.52933985792075
470 20.52933985792075
471 20.52933985792075
472 20.52933985792075
473 20.52933985792075
474 20.52933985792075
475 20.52933985792075
476 20.52933985792075
477 20.52933985792075
478 20.52933985792075
479 20.52933985792075
480 20.52933985792075
481 20.52933985792075
482 20.52933985792075
483 20.52933985792075
484 18.951693471344214
485 18.951693471344214
486 18.951693471344214
487 18.951693471344214
488 18.951693471344214
489 18.951693471344214
490 18.951693471344214
491 18.951693471344214
492 18.951693471344214
493 18.951693471344214
494 18.951693471344214
495 18.951693471344214
496 18.951693471344214
497 18.951693471344214
498 18.951693471344214
499 18.951693471344214
500 18.951693471344214
501 18.951693471344214
502 18.951693471344214
503 18.951693471344214
504 18.951693471344214
505 18.951693471344214
506 18.951693471344214
507 18.951693471344214
508 18.951693471344214
509 18.951693471344214
510 18.951693471344214
511 18.951693471344214
512 18.951693471344214
513 18.951693471344214
514 18.951693471344214
515 18.951693471344214
516 18.951693471344214
517 18.951693471344214
518 18.951693471344214
519 18.951693471344214
520 18.951693471344214
521 18.951693471344214
522 18.951693471344214
523 18.951693471344214
524 18.951693471344214
525 18.951693471344214
526 18.951693471344214
527 18.951693471344214
528 18.951693471344214
529 18.951693471344214
530 18.951693471344214
531 18.951693471344214
532 18.951693471344214
533 18.951693471344214
534 18.951693471344214
535 18.951693471344214
536 18.951693471344214
537 18.951693471344214
538 18.951693471344214
539 18.951693471344214
540 18.951693471344214
541 18.951693471344214
542 18.951693471344214
543 18.951693471344214
544 18.951693471344214
545 18.951693471344214
546 18.951693471344214
547 18.951693471344214
548 18.951693471344214
549 18.951693471344214
550 18.951693471344214
551 18.951693471344214
552 18.951693471344214
553 18.951693471344214
554 18.951693471344214
555 18.951693471344214
556 18.951693471344214
557 18.951693471344214
558 18.951693471344214
559 18.951693471344214
560 18.951693471344214
561 18.951693471344214
562 18.951693471344214
563 18.951693471344214
564 18.951693471344214
565 18.951693471344214
566 18.951693471344214
567 18.951693471344214
568 18.951693471344214
569 18.951693471344214
570 18.951693471344214
571 18.951693471344214
572 18.951693471344214
573 18.951693471344214
574 18.951693471344214
575 18.951693471344214
576 18.951693471344214
577 18.951693471344214
578 18.951693471344214
579 18.951693471344214
580 18.951693471344214
581 18.951693471344214
582 18.951693471344214
583 18.951693471344214
584 18.951693471344214
585 18.951693471344214
586 18.951693471344214
587 18.951693471344214
588 17.824803195218117
589 17.824803195218117
590 17.824803195218117
591 17.824803195218117
592 17.824803195218117
593 17.824803195218117
594 17.824803195218117
595 17.824803195218117
596 17.824803195218117
597 17.824803195218117
598 17.824803195218117
599 17.824803195218117
600 17.824803195218117
601 17.824803195218117
602 17.824803195218117
603 17.824803195218117
604 17.824803195218117
605 17.824803195218117
606 17.824803195218117
607 17.824803195218117
608 17.824803195218117
609 17.824803195218117
610 17.824803195218117
611 17.824803195218117
612 17.824803195218117
613 17.824803195218117
614 17.824803195218117
615 17.824803195218117
616 17.824803195218117
617 17.824803195218117
618 17.824803195218117
619 17.824803195218117
620 17.824803195218117
621 17.824803195218117
622 17.824803195218117
623 17.824803195218117
624 17.824803195218117
625 17.824803195218117
626 17.824803195218117
627 17.824803195218117
628 17.824803195218117
629 17.824803195218117
630 17.824803195218117
631 17.824803195218117
632 17.824803195218117
633 17.824803195218117
634 17.824803195218117
635 17.824803195218117
636 17.824803195218117
637 17.824803195218117
638 17.824803195218117
639 17.824803195218117
640 17.824803195218117
641 17.824803195218117
642 17.824803195218117
643 17.824803195218117
644 17.824803195218117
645 17.824803195218117
646 17.824803195218117
647 17.824803195218117
648 17.824803195218117
649 17.824803195218117
650 17.824803195218117
651 17.824803195218117
652 17.824803195218117
653 17.824803195218117
654 17.824803195218117
655 17.824803195218117
656 17.824803195218117
657 17.824803195218117
658 17.824803195218117
659 17.824803195218117
660 17.824803195218117
661 17.824803195218117
662 17.824803195218117
663 17.824803195218117
664 17.824803195218117
665 17.824803195218117
666 17.824803195218117
667 17.824803195218117
668 17.824803195218117
669 17.824803195218117
670 17.824803195218117
671 17.824803195218117
672 17.824803195218117
673 17.824803195218117
674 17.824803195218117
675 17.824803195218117
676 17.824803195218117
677 17.824803195218117
678 17.824803195218117
679 17.824803195218117
680 17.824803195218117
681 17.824803195218117
682 17.126755987305216
683 17.126755987305216
684 17.126755987305216
685 17.126755987305216
686 17.126755987305216
687 17.126755987305216
688 17.126755987305216
689 17.126755987305216
690 17.126755987305216
691 17.126755987305216
692 17.126755987305216
693 17.126755987305216
694 17.126755987305216
695 17.126755987305216
696 17.126755987305216
697 17.126755987305216
698 17.126755987305216
699 17.126755987305216
700 17.126755987305216
701 17.126755987305216
702 17.126755987305216
703 17.126755987305216
704 17.126755987305216
705 17.126755987305216
706 17.126755987305216
707 17.126755987305216
708 17.126755987305216
709 17.126755987305216
710 17.126755987305216
711 17.126755987305216
712 17.126755987305216
713 17.126755987305216
714 17.126755987305216
715 17.126755987305216
716 17.126755987305216
717 17.126755987305216
718 17.126755987305216
719 17.126755987305216
720 17.126755987305216
721 17.126755987305216
722 17.126755987305216
723 17.126755987305216
724 17.126755987305216
725 17.126755987305216
726 17.126755987305216
727 17.126755987305216
728 17.126755987305216
729 17.126755987305216
730 17.126755987305216
731 17.126755987305216
732 17.126755987305216
733 17.126755987305216
734 17.126755987305216
735 17.126755987305216
736 17.126755987305216
737 17.126755987305216
738 17.126755987305216
739 17.126755987305216
740 17.126755987305216
741 17.126755987305216
742 17.126755987305216
743 17.126755987305216
744 17.126755987305216
745 17.126755987305216
746 17.126755987305216
747 17.126755987305216
748 17.126755987305216
749 17.126755987305216
750 17.126755987305216
751 17.126755987305216
752 17.126755987305216
753 17.126755987305216
754 17.126755987305216
755 17.126755987305216
756 17.126755987305216
757 17.126755987305216
758 17.126755987305216
759 17.126755987305216
760 17.126755987305216
761 17.126755987305216
762 17.126755987305216
763 17.126755987305216
764 17.126755987305216
765 17.126755987305216
766 17.126755987305216
767 17.126755987305216
768 17.126755987305216
769 17.126755987305216
770 17.126755987305216
771 17.126755987305216
772 17.126755987305216
773 17.126755987305216
774 17.126755987305216
775 17.126755987305216
776 17.126755987305216
777 17.126755987305216
778 17.126755987305216
779 17.126755987305216
780 17.126755987305216
781 17.126755987305216
782 17.126755987305216
783 17.126755987305216
784 16.477160006144942
785 16.477160006144942
786 16.477160006144942
787 16.477160006144942
788 16.477160006144942
789 16.477160006144942
790 16.477160006144942
791 16.477160006144942
792 16.477160006144942
793 16.477160006144942
794 16.477160006144942
795 16.477160006144942
796 16.477160006144942
797 16.477160006144942
798 16.477160006144942
799 16.477160006144942
800 16.477160006144942
801 16.477160006144942
802 16.477160006144942
803 16.477160006144942
804 16.477160006144942
805 16.477160006144942
806 16.477160006144942
807 16.477160006144942
808 16.477160006144942
809 16.477160006144942
810 16.477160006144942
811 16.477160006144942
812 16.477160006144942
813 16.477160006144942
814 16.477160006144942
815 16.477160006144942
816 16.477160006144942
817 16.477160006144942
818 16.477160006144942
819 16.477160006144942
820 16.477160006144942
821 16.477160006144942
822 16.477160006144942
823 16.477160006144942
824 16.477160006144942
825 16.477160006144942
826 16.477160006144942
827 16.477160006144942
828 16.477160006144942
829 16.477160006144942
830 16.477160006144942
831 16.477160006144942
832 16.477160006144942
833 16.477160006144942
834 16.477160006144942
835 16.477160006144942
836 16.477160006144942
837 16.477160006144942
838 16.477160006144942
839 16.477160006144942
840 16.477160006144942
841 16.477160006144942
842 16.477160006144942
843 16.477160006144942
844 16.477160006144942
845 16.477160006144942
846 16.477160006144942
847 16.477160006144942
848 16.477160006144942
849 16.477160006144942
850 16.477160006144942
851 16.477160006144942
852 16.477160006144942
853 16.477160006144942
854 16.477160006144942
855 16.477160006144942
856 16.477160006144942
857 16.477160006144942
858 16.477160006144942
859 16.477160006144942
860 16.477160006144942
861 16.477160006144942
862 16.477160006144942
863 16.477160006144942
864 16.477160006144942
865 16.477160006144942
866 16.477160006144942
867 16.477160006144942
868 16.477160006144942
869 16.477160006144942
870 16.477160006144942
871 16.477160006144942
872 16.477160006144942
873 16.477160006144942
874 16.477160006144942
875 16.477160006144942
876 16.477160006144942
877 16.477160006144942
878 16.477160006144942
879 16.477160006144942
880 16.477160006144942
881 16.477160006144942
882 16.477160006144942
883 16.477160006144942
884 16.477160006144942
885 16.477160006144942
886 16.477160006144942
887 16.477160006144942
888 15.935790159376603
889 15.935790159376603
890 15.935790159376603
891 15.935790159376603
892 15.935790159376603
893 15.935790159376603
894 15.935790159376603
895 15.935790159376603
896 15.935790159376603
897 15.935790159376603
898 15.935790159376603
899 15.935790159376603
900 15.935790159376603
901 15.935790159376603
902 15.935790159376603
903 15.935790159376603
904 15.935790159376603
905 15.935790159376603
906 15.935790159376603
907 15.935790159376603
908 15.935790159376603
909 15.935790159376603
910 15.935790159376603
911 15.935790159376603
912 15.935790159376603
913 15.935790159376603
914 15.935790159376603
915 15.935790159376603
916 15.935790159376603
917 15.935790159376603
918 15.935790159376603
919 15.935790159376603
920 15.935790159376603
921 15.935790159376603
922 15.935790159376603
923 15.935790159376603
924 15.935790159376603
925 15.935790159376603
926 15.935790159376603
927 15.935790159376603
928 15.935790159376603
929 15.935790159376603
930 15.935790159376603
931 15.935790159376603
932 15.935790159376603
933 15.935790159376603
934 15.935790159376603
935 15.935790159376603
936 15.935790159376603
937 15.935790159376603
938 15.935790159376603
939 15.935790159376603
940 15.935790159376603
941 15.935790159376603
942 15.935790159376603
943 15.935790159376603
944 15.935790159376603
945 15.935790159376603
946 15.935790159376603
947 15.935790159376603
948 15.935790159376603
949 15.935790159376603
950 15.935790159376603
951 15.935790159376603
952 15.935790159376603
953 15.935790159376603
954 15.935790159376603
955 15.935790159376603
956 15.935790159376603
957 15.935790159376603
958 15.935790159376603
959 15.935790159376603
960 15.935790159376603
961 15.935790159376603
962 15.935790159376603
963 15.935790159376603
964 15.935790159376603
965 15.935790159376603
966 15.935790159376603
967 15.935790159376603
968 15.935790159376603
969 15.935790159376603
970 15.935790159376603
971 15.935790159376603
972 15.935790159376603
973 15.935790159376603
974 15.935790159376603
975 15.935790159376603
976 15.935790159376603
977 15.935790159376603
978 15.935790159376603
979 15.935790159376603
980 15.935790159376603
981 15.935790159376603
982 13.050546998282375
983 13.050546998282375
984 13.050546998282375
985 13.050546998282375
986 13.050546998282375
987 13.050546998282375
988 13.050546998282375
989 13.050546998282375
990 13.050546998282375
991 13.050546998282375
992 13.050546998282375
993 13.050546998282375
994 13.050546998282375
995 13.050546998282375
996 13.050546998282375
997 13.050546998282375
998 13.050546998282375
999 13.050546998282375
1000 13.050546998282375
1001 13.050546998282375
1002 13.050546998282375
1003 13.050546998282375
1004 13.050546998282375
1005 13.050546998282375
1006 13.050546998282375
1007 13.050546998282375
1008 13.050546998282375
1009 13.050546998282375
1010 13.050546998282375
1011 13.050546998282375
1012 13.050546998282375
1013 13.050546998282375
1014 13.050546998282375
1015 13.050546998282375
1016 13.050546998282375
1017 13.050546998282375
1018 13.050546998282375
1019 13.050546998282375
1020 13.050546998282375
1021 13.050546998282375
1022 13.050546998282375
1023 13.050546998282375
1024 13.050546998282375
1025 13.050546998282375
1026 13.050546998282375
1027 13.050546998282375
1028 13.050546998282375
1029 13.050546998282375
1030 13.050546998282375
1031 13.050546998282375
1032 13.050546998282375
1033 13.050546998282375
1034 13.050546998282375
1035 13.050546998282375
1036 13.050546998282375
1037 13.050546998282375
1038 13.050546998282375
1039 13.050546998282375
1040 13.050546998282375
1041 13.050546998282375
1042 13.050546998282375
1043 13.050546998282375
1044 13.050546998282375
1045 13.050546998282375
1046 13.050546998282375
1047 13.050546998282375
1048 13.050546998282375
1049 13.050546998282375
1050 13.050546998282375
1051 13.050546998282375
1052 13.050546998282375
1053 13.050546998282375
1054 13.050546998282375
1055 13.050546998282375
1056 13.050546998282375
1057 13.050546998282375
1058 13.050546998282375
1059 13.050546998282375
1060 13.050546998282375
1061 13.050546998282375
1062 13.050546998282375
1063 13.050546998282375
1064 13.050546998282375
1065 13.050546998282375
1066 13.050546998282375
1067 13.050546998282375
1068 13.050546998282375
1069 13.050546998282375
1070 13.050546998282375
1071 13.050546998282375
1072 13.050546998282375
1073 13.050546998282375
1074 13.050546998282375
1075 13.050546998282375
1076 13.050546998282375
1077 13.050546998282375
1078 13.050546998282375
1079 13.050546998282375
1080 13.050546998282375
1081 13.050546998282375
1082 13.050546998282375
1083 13.050546998282375
1084 13.050546998282375
1085 13.050546998282375
1086 11.417369342604719
1087 11.417369342604719
1088 11.417369342604719
1089 11.417369342604719
1090 11.417369342604719
1091 11.417369342604719
1092 11.417369342604719
1093 11.417369342604719
1094 11.417369342604719
1095 11.417369342604719
1096 11.417369342604719
1097 11.417369342604719
1098 11.417369342604719
1099 11.417369342604719
1100 11.417369342604719
1101 11.417369342604719
1102 11.417369342604719
1103 11.417369342604719
1104 11.417369342604719
1105 11.417369342604719
1106 11.417369342604719
1107 11.417369342604719
1108 11.417369342604719
1109 11.417369342604719
1110 11.417369342604719
1111 11.417369342604719
1112 11.417369342604719
1113 11.417369342604719
1114 11.417369342604719
1115 11.417369342604719
1116 11.417369342604719
1117 11.417369342604719
1118 11.417369342604719
1119 11.417369342604719
1120 11.417369342604719
1121 11.417369342604719
1122 11.417369342604719
1123 11.417369342604719
1124 11.417369342604719
1125 11.417369342604719
1126 11.417369342604719
1127 11.417369342604719
1128 11.417369342604719
1129 11.417369342604719
1130 11.417369342604719
1131 11.417369342604719
1132 11.417369342604719
1133 11.417369342604719
1134 11.417369342604719
1135 11.417369342604719
1136 11.417369342604719
1137 11.417369342604719
1138 11.417369342604719
1139 11.417369342604719
1140 11.417369342604719
1141 11.417369342604719
1142 11.417369342604719
1143 11.417369342604719
1144 11.417369342604719
1145 11.417369342604719
1146 11.417369342604719
1147 11.417369342604719
1148 11.417369342604719
1149 11.417369342604719
1150 11.417369342604719
1151 11.417369342604719
1152 11.417369342604719
1153 11.417369342604719
1154 11.417369342604719
1155 11.417369342604719
1156 11.417369342604719
1157 11.417369342604719
1158 11.417369342604719
1159 11.417369342604719
1160 11.417369342604719
1161 11.417369342604719
1162 11.417369342604719
1163 11.417369342604719
1164 11.417369342604719
1165 11.417369342604719
1166 11.417369342604719
1167 11.417369342604719
1168 11.417369342604719
1169 11.417369342604719
1170 11.417369342604719
1171 11.417369342604719
1172 11.417369342604719
1173 11.417369342604719
1174 11.417369342604719
1175 11.417369342604719
1176 11.417369342604719
1177 11.417369342604719
1178 11.417369342604719
1179 11.417369342604719
1180 11.417369342604719
1181 11.417369342604719
1182 11.417369342604719
1183 11.417369342604719
1184 11.417369342604719
1185 11.417369342604719
1186 11.417369342604719
1187 11.417369342604719
1188 11.459936860177788
1189 11.459936860177788
1190 11.459936860177788
1191 11.459936860177788
1192 11.459936860177788
1193 11.459936860177788
1194 11.459936860177788
1195 11.459936860177788
1196 11.459936860177788
1197 11.459936860177788
1198 11.459936860177788
1199 11.459936860177788
1200 11.459936860177788
1201 11.459936860177788
1202 11.459936860177788
1203 11.459936860177788
1204 11.459936860177788
1205 11.459936860177788
1206 11.459936860177788
1207 11.459936860177788
1208 11.459936860177788
1209 11.459936860177788
1210 11.459936860177788
1211 11.459936860177788
1212 11.459936860177788
1213 11.459936860177788
1214 11.459936860177788
1215 11.459936860177788
1216 11.459936860177788
1217 11.459936860177788
1218 11.459936860177788
1219 11.459936860177788
1220 11.459936860177788
1221 11.459936860177788
1222 11.459936860177788
1223 11.459936860177788
1224 11.459936860177788
1225 11.459936860177788
1226 11.459936860177788
1227 11.459936860177788
1228 11.459936860177788
1229 11.459936860177788
1230 11.459936860177788
1231 11.459936860177788
1232 11.459936860177788
1233 11.459936860177788
1234 11.459936860177788
1235 11.459936860177788
1236 11.459936860177788
1237 11.459936860177788
1238 11.459936860177788
1239 11.459936860177788
1240 11.459936860177788
1241 11.459936860177788
1242 11.459936860177788
1243 11.459936860177788
1244 11.459936860177788
1245 11.459936860177788
1246 11.459936860177788
1247 11.459936860177788
1248 11.459936860177788
1249 11.459936860177788
1250 11.459936860177788
1251 11.459936860177788
1252 11.459936860177788
1253 11.459936860177788
1254 11.459936860177788
1255 11.459936860177788
1256 11.459936860177788
1257 11.459936860177788
1258 11.459936860177788
1259 11.459936860177788
1260 11.459936860177788
1261 11.459936860177788
1262 11.459936860177788
1263 11.459936860177788
1264 11.459936860177788
1265 11.459936860177788
1266 11.459936860177788
1267 11.459936860177788
1268 11.459936860177788
1269 11.459936860177788
1270 11.459936860177788
1271 11.459936860177788
1272 11.459936860177788
1273 11.459936860177788
1274 11.459936860177788
1275 11.459936860177788
1276 11.459936860177788
1277 11.459936860177788
1278 11.459936860177788
1279 11.459936860177788
1280 11.459936860177788
1281 11.459936860177788
1282 11.577633259523122
1283 11.577633259523122
1284 11.577633259523122
1285 11.577633259523122
1286 11.577633259523122
1287 11.577633259523122
1288 11.577633259523122
1289 11.577633259523122
1290 11.577633259523122
1291 11.577633259523122
1292 11.577633259523122
1293 11.577633259523122
1294 11.577633259523122
1295 11.577633259523122
1296 11.577633259523122
1297 11.577633259523122
1298 11.577633259523122
1299 11.577633259523122
1300 11.577633259523122
1301 11.577633259523122
1302 11.577633259523122
1303 11.577633259523122
1304 11.577633259523122
1305 11.577633259523122
1306 11.577633259523122
1307 11.577633259523122
1308 11.577633259523122
1309 11.577633259523122
1310 11.577633259523122
1311 11.577633259523122
1312 11.577633259523122
1313 11.577633259523122
1314 11.577633259523122
1315 11.577633259523122
1316 11.577633259523122
1317 11.577633259523122
1318 11.577633259523122
1319 11.577633259523122
1320 11.577633259523122
1321 11.577633259523122
1322 11.577633259523122
1323 11.577633259523122
1324 11.577633259523122
1325 11.577633259523122
1326 11.577633259523122
1327 11.577633259523122
1328 11.577633259523122
1329 11.577633259523122
1330 11.577633259523122
1331 11.577633259523122
1332 11.577633259523122
1333 11.577633259523122
1334 11.577633259523122
1335 11.577633259523122
1336 11.577633259523122
1337 11.577633259523122
1338 11.577633259523122
1339 11.577633259523122
1340 11.577633259523122
1341 11.577633259523122
1342 11.577633259523122
1343 11.577633259523122
1344 11.577633259523122
1345 11.577633259523122
1346 11.577633259523122
1347 11.577633259523122
1348 11.577633259523122
1349 11.577633259523122
1350 11.577633259523122
1351 11.577633259523122
1352 11.577633259523122
1353 11.577633259523122
1354 11.577633259523122
1355 11.577633259523122
1356 11.577633259523122
1357 11.577633259523122
1358 11.577633259523122
1359 11.577633259523122
1360 11.577633259523122
1361 11.577633259523122
1362 11.577633259523122
1363 11.577633259523122
1364 11.577633259523122
1365 11.577633259523122
1366 11.577633259523122
1367 11.577633259523122
1368 11.577633259523122
1369 11.577633259523122
1370 11.577633259523122
1371 11.577633259523122
1372 11.577633259523122
1373 11.577633259523122
1374 11.577633259523122
1375 11.577633259523122
1376 11.577633259523122
1377 11.577633259523122
1378 11.577633259523122
1379 11.577633259523122
1380 11.577633259523122
1381 11.577633259523122
1382 11.577633259523122
1383 11.577633259523122
1384 11.577633259523122
1385 11.577633259523122
1386 11.459936860177788
1387 11.459936860177788
1388 11.459936860177788
1389 11.459936860177788
1390 11.459936860177788
1391 11.459936860177788
1392 11.459936860177788
1393 11.459936860177788
1394 11.459936860177788
1395 11.459936860177788
1396 11.459936860177788
1397 11.459936860177788
1398 11.459936860177788
1399 11.459936860177788
1400 11.459936860177788
1401 11.459936860177788
1402 11.459936860177788
1403 11.459936860177788
1404 11.459936860177788
1405 11.459936860177788
1406 11.459936860177788
1407 11.459936860177788
1408 11.459936860177788
1409 11.459936860177788
1410 11.459936860177788
1411 11.459936860177788
1412 11.459936860177788
1413 11.459936860177788
1414 11.459936860177788
1415 11.459936860177788
1416 11.459936860177788
1417 11.459936860177788
1418 11.459936860177788
1419 11.459936860177788
1420 11.459936860177788
1421 11.459936860177788
1422 11.459936860177788
1423 11.459936860177788
1424 11.459936860177788
1425 11.459936860177788
1426 11.459936860177788
1427 11.459936860177788
1428 11.459936860177788
1429 11.459936860177788
1430 11.459936860177788
1431 11.459936860177788
1432 11.459936860177788
1433 11.459936860177788
1434 11.459936860177788
1435 11.459936860177788
1436 11.459936860177788
1437 11.459936860177788
1438 11.459936860177788
1439 11.459936860177788
1440 11.459936860177788
1441 11.459936860177788
1442 11.459936860177788
1443 11.459936860177788
1444 11.459936860177788
1445 11.459936860177788
1446 11.459936860177788
1447 11.459936860177788
1448 11.459936860177788
1449 11.459936860177788
1450 11.459936860177788
1451 11.459936860177788
1452 11.459936860177788
1453 11.459936860177788
1454 11.459936860177788
1455 11.459936860177788
1456 11.459936860177788
1457 11.459936860177788
1458 11.459936860177788
1459 11.459936860177788
1460 11.459936860177788
1461 11.459936860177788
1462 11.459936860177788
1463 11.459936860177788
1464 11.459936860177788
1465 11.459936860177788
1466 11.459936860177788
1467 11.459936860177788
1468 11.459936860177788
1469 11.459936860177788
1470 11.459936860177788
1471 11.459936860177788
1472 11.459936860177788
1473 11.459936860177788
1474 11.459936860177788
1475 11.459936860177788
1476 11.459936860177788
1477 11.459936860177788
1478 11.459936860177788
1479 11.459936860177788
1480 11.459936860177788
1481 11.459936860177788
1482 11.459936860177788
1483 11.459936860177788
1484 11.459936860177788
1485 11.459936860177788
1486 11.459936860177788
1487 11.459936860177788
1488 11.459936860177788
1489 11.459936860177788
1490 11.459936860177788
1491 11.459936860177788
1492 11.459936860177788
1493 11.459936860177788
1494 11.459936860177788
1495 11.459936860177788
1496 11.459936860177788
1497 11.459936860177788
1498 11.459936860177788
1499 11.459936860177788
1500 11.459936860177788
1501 11.459936860177788
1502 11.459936860177788
1503 11.459936860177788
1504 11.459936860177788
1505 11.459936860177788
1506 11.459936860177788
1507 11.459936860177788
1508 11.459936860177788
1509 11.459936860177788
1510 11.459936860177788
1511 11.459936860177788
1512 11.459936860177788
1513 11.459936860177788
1514 11.459936860177788
1515 11.459936860177788
1516 11.459936860177788
1517 11.459936860177788
1518 11.459936860177788
1519 11.459936860177788
1520 11.459936860177788
1521 11.459936860177788
1522 11.459936860177788
1523 11.459936860177788
1524 11.459936860177788
1525 11.459936860177788
1526 11.459936860177788
1527 11.459936860177788
1528 11.459936860177788
1529 11.459936860177788
1530 11.459936860177788
1531 11.459936860177788
1532 11.459936860177788
1533 11.459936860177788
1534 11.459936860177788
1535 11.459936860177788
1536 11.459936860177788
1537 11.459936860177788
1538 11.459936860177788
1539 11.459936860177788
1540 11.459936860177788
1541 11.459936860177788
1542 11.459936860177788
1543 11.459936860177788
1544 11.459936860177788
1545 11.459936860177788
1546 11.459936860177788
1547 11.459936860177788
1548 11.459936860177788
1549 11.459936860177788
1550 11.459936860177788
1551 11.459936860177788
1552 11.459936860177788
1553 11.459936860177788
1554 11.459936860177788
1555 11.459936860177788
1556 11.459936860177788
1557 11.459936860177788
1558 11.459936860177788
1559 11.459936860177788
1560 11.459936860177788
1561 11.459936860177788
1562 11.459936860177788
1563 11.459936860177788
1564 11.459936860177788
1565 11.459936860177788
1566 11.459936860177788
1567 11.459936860177788
1568 11.459936860177788
1569 11.459936860177788
1570 11.459936860177788
1571 11.459936860177788
1572 11.459936860177788
1573 11.459936860177788
1574 11.459936860177788
1575 11.459936860177788
1576 11.459936860177788
1577 11.459936860177788
1578 11.459936860177788
1579 11.459936860177788
1580 11.459936860177788
1581 11.459936860177788
1582 11.459936860177788
1583 11.459936860177788
1584 11.577633259523122
1585 11.577633259523122
1586 11.577633259523122
1587 11.577633259523122
1588 11.577633259523122
1589 11.577633259523122
1590 11.577633259523122
1591 11.577633259523122
1592 11.577633259523122
1593 11.577633259523122
1594 11.577633259523122
1595 11.577633259523122
1596 11.577633259523122
