1 0.310546875 0.6059181421875001 0.34765625 0.722068584375 0.46875 0.9814712390624999 0.4775390625 0.9988938046875001 0.484375 0.9969579640624999 0.3671875 0.6833517703124999 0.3232421875 0.58462389375 0.3154296875 0.58462389375 0.310546875 0.6059181421875001
1 0.3076171875 0 0.30078125 0.5439712390625 0.314453125 0.5555862828125 0.318359375 0.5517146015625001 0.318359375 0.145188053125 0.314453125 0.013550884374999999 0.3076171875 0
1 0.2470703125 0.6233407078125001 0.173828125 0.7530420359375001 0.171875 0.7646570796875001 0.177734375 0.7646570796875001 0.2666015625 0.662057521875 0.271484375 0.6523783187500001 0.26953125 0.6252765484375 0.2470703125 0.6233407078125001
2 0.609375 0.6756084078125 0.560546875 0.47428097343750003 0.5595703125 0.228429203125 0.552734375 0.4665376109375 0.517578125 0.47428097343750003 0.533203125 0.50138274375 0.517578125 0.5362278765624999 0.5390625 0.52074115 0.537109375 0.9504977875 0.541015625 0.9543694687500001 0.552734375 0.9427544250000001 0.548828125 0.5633296453125001 0.5537109375 0.49557522187499997 0.609375 0.6756084078125
2 0.814453125 0.48202433593749994 0.85546875 0.3465154875 0.88671875 0.22262168125 0.8896484375 0.18971238906250001 0.8056640625 0.4607300890625 0.7900390625 0.4607300890625 0.7392578125 0.42588495625 0.673828125 0.41233407031249997 0.7626953125 0.46460177031249994 0.7705078125 0.49557522187499997 0.7890625 0.50912610625 0.78515625 0.9930862828125001 0.8046875 0.9969579640624999 0.8037109375 0.503318584375 0.873046875 0.8149889375000001 0.880859375 0.8227323015625 0.814453125 0.48202433593749994
2 0.1650390625 0.44137168125 0.228515625 0.435564159375 0.1396484375 0.4142699109375 0.0947265625 0.236172565625 0.130859375 0.4084623890625 0.1171875 0.420077434375 0.126953125 0.447179203125 0.09765625 0.586559734375 0.1279296875 0.49170353906250003 0.126953125 0.8420907078125 0.13671875 0.8459623890625 0.140625 0.8420907078125 0.13671875 0.439435840625 0.1416015625 0.4297566375 0.1650390625 0.44137168125
1 0.1650390625 0.44137168125 0.228515625 0.439435840625 0.1689453125 0.41814159218749997 0.138671875 0.420077434375 0.1396484375 0.4297566375 0.1650390625 0.44137168125
1 0.099609375 0.590431415625 0.12890625 0.48202433593749994 0.1279296875 0.44911504375 0.115234375 0.4897676984375 0.099609375 0.590431415625
1 0.13671875 0.41233407031249997 0.126953125 0.35038716875000003 0.0947265625 0.232300884375 0.125 0.3852323015625 0.13671875 0.41233407031249997
1 0.609375 0.6756084078125 0.5595703125 0.4839601765625 0.556640625 0.50138274375 0.56640625 0.5439712390625 0.609375 0.6756084078125
1 0.55859375 0.48589601718750003 0.5595703125 0.228429203125 0.552734375 0.427820796875 0.552734375 0.47428097343750003 0.55859375 0.48589601718750003
1 0.806640625 0.46266592968750003 0.81640625 0.4665376109375 0.853515625 0.35425885 0.8896484375 0.18971238906250001 0.814453125 0.427820796875 0.806640625 0.46266592968750003
1 0.818359375 0.586559734375 0.875 0.8188606187499999 0.880859375 0.8227323015625 0.833984375 0.574944690625 0.8115234375 0.49170353906250003 0.806640625 0.50138274375 0.818359375 0.586559734375
1 0.76953125 0.4665376109375 0.7890625 0.46266592968750003 0.7490234375 0.4297566375 0.673828125 0.41233407031249997 0.76953125 0.4665376109375