1 0.4895108203125 1 0.36419056875 0.70545006875 0.3156863671875 0.6082567984375 0.3078802140625 0.608529615625 0.3039923578125 0.629994375 0.3464769859375 0.74484893125 0.47953248281249994 1 0.4895108203125 1
1 0.272866884375 0.024178540625 0.2913517859375 0.5683884953125 0.30555309375 0.5795261078125 0.309275990625 0.5755180171875 0.29035709375 0.16899146874999998 0.2803278984375 0.0374907078125 0.272866884375 0.024178540625
1 0.262695353125 0.687668359375 0.26712374843750003 0.67781864375 0.2639109515625 0.6507850796875 0.24137817031250003 0.6496335921874999 0.174231509375 0.7818925921875 0.1728205109375 0.7935758421875 0.1786751265625 0.793371228125 0.262695353125 0.687668359375
2 0.521602871875 0.51768365 0.5076121859375 0.55307441875 0.5283583875 0.5368374421875 0.5464068265625001 0.966662284375 0.5504900828125 0.97039755625 0.5616587749999999 0.9583732843749999 0.540098059375 0.5790849140625001 0.54182375625 0.511159978125 0.60582096875 0.6892493328125 0.54766315 0.489627015625 0.535245953125 0.2438093453125 0.5394966375 0.48215647031250003 0.50472930625 0.49112751718750003 0.521602871875 0.51768365
2 0.815746421875 1 0.7919810296875001 0.51017315 0.8757651281250001 0.8194222390625001 0.8839316421875001 0.8268927828124999 0.8017234999999999 0.48850377656250005 0.8363995078125 0.35156262968749996 0.8618583624999999 0.22657755000000002 0.8632541390625 0.19356595000000001 0.7919505874999999 0.46751645000000003 0.7763382796875 0.4680620875 0.7239766640624999 0.434990275 0.6579694968750001 0.4237242421875 0.7491969218750001 0.47288863281250004 0.7584445171875001 0.503589265625 0.777614759375 0.5164922062499999 0.796211534375 1 0.815746421875 1
2 0.1152616484375 0.4388134484375 0.10214141875 0.4509059265625 0.1131603703125 0.47766667187499995 0.0903737734375 0.6180702734375 0.11620820937500001 0.52215690625 0.131538728125 0.8725781765624999 0.1414766 0.876108834375 0.145199496875 0.8721007437500001 0.12255770156250001 0.4695822859375 0.1269860984375 0.45973257187499994 0.1509451 0.470529159375 0.21409982656249998 0.4625049875 0.12431384062499999 0.44431405 0.0711401796875 0.267785409375 0.1152616484375 0.4388134484375
1 0.12360834218750001 0.450155675 0.12503455937500002 0.45980077656249996 0.1509451 0.470529159375 0.21428000625000002 0.46637666875 0.1537670953125 0.4471626609375 0.12360834218750001 0.450155675
1 0.1142262296875 0.479568409375 0.1034331203125 0.5206643953125 0.09250549218750001 0.6218737484375 0.11673352968749999 0.5124436 0.1142262296875 0.479568409375
1 0.07096 0.263913728125 0.1083259515625 0.4157879734375 0.12129644218749999 0.44248051562499996 0.10865587031249999 0.3808746375 0.07096 0.263913728125
1 0.5450213328125 0.51686519375 0.5567610046875 0.5591126656250001 0.60582096875 0.6892493328125 0.5471378312499999 0.49934032031250003 0.5450213328125 0.51686519375
1 0.5376948374999999 0.44343965625 0.539856996875 0.4898998328125 0.546252153125 0.5013102625 0.535245953125 0.2438093453125 0.5376948374999999 0.44343965625
1 0.8632541390625 0.19356595000000001 0.7992009796875 0.4343002375 0.7930164468750001 0.4694181875 0.8029543171875 0.4729488453125 0.8348083296875 0.359374196875 0.8632541390625 0.19356595000000001
1 0.8104914359375 0.5929027640625 0.8778968468749999 0.8232257140625 0.8839316421875001 0.8268927828124999 0.825563203125 0.5807420828125001 0.7992466421875 0.4982852859375 0.7948182453125 0.5081350015625 0.8104914359375 0.5929027640625
1 0.733914534375 0.4385209328125 0.6579694968750001 0.4237242421875 0.756117396875 0.47458575625000005 0.7754526015625001 0.470032028125 0.733914534375 0.4385209328125