1 0.4423828125 0.1484375 0.443359375 0.158203125 0.484375 0.279296875 0.49609375 0.302734375 0.498046875 0.291015625 0.486328125 0.251953125 0.462890625 0.189453125 0.4423828125 0.1484375
1 0.5576171875 0.29296875 0.50390625 0.302734375 0.5048828125 0.3125 0.525390625 0.314453125 0.5771484375 0.3046875 0.5888671875 0.30078125 0.591796875 0.294921875 0.5576171875 0.29296875
1 0.4267578125 0.41015625 0.4501953125 0.4453125 0.453125 0.443359375 0.4033203125 0.34375 0.3974609375 0.3359375 0.392578125 0.337890625 0.4267578125 0.41015625
1 0.484375 0.341796875 0.46875 0.404296875 0.455078125 0.474609375 0.45703125 0.478515625 0.494140625 0.337890625 0.49769566249999997 0.3195595625 0.493001509375 0.3162445453125 0.484375 0.341796875
1 0.6630859375 0.390625 0.6962890625 0.4453125 0.69921875 0.443359375 0.6474609375 0.33984375 0.640625 0.333984375 0.64453125 0.353515625 0.6630859375 0.390625
1 0.5927734375 0.33984375 0.552734375 0.373046875 0.55859375 0.373046875 0.6298828125 0.3359375 0.6328125 0.326171875 0.6259765625 0.32421875 0.5927734375 0.33984375
1 0.65618846875 0.1632847765625 0.65432725625 0.1526194140625 0.637715234375 0.291391084375 0.63644994375 0.3141767921875 0.6402458156249999 0.31518949531249996 0.65618846875 0.1632847765625
1 0.7270447578125 0.32835460312500003 0.6733097703124999 0.2196909640625 0.718946903125 0.32582285781250003 0.724261140625 0.3349370984375 0.7270447578125 0.32835460312500003
1 0.8072204953125001 0.31012206249999996 0.8072204953125001 0.3064122078125 0.73252785 0.3329111421875 0.7337197546875001 0.34483566250000003 0.7452414890625 0.3419207828125 0.8072204953125001 0.31012206249999996
1 0.70047888125 0.49266080624999997 0.7024653890625 0.4923958203125 0.7282899734375 0.351156490625 0.7248466875 0.347721365625 0.7174303984375 0.369185496875 0.7074978656249999 0.4250885140625 0.70114105 0.485241096875 0.70047888125 0.49266080624999997
1 0.39955415781250003 0.292785490625 0.4095370015625 0.153566846875 0.40696565937500007 0.15114564375 0.3907813703125 0.2876404625 0.3898738421875 0.312457690625 0.3933527015625 0.315484184375 0.39955415781250003 0.292785490625
1 0.842118759375 0.323119728125 0.8494525156250001 0.22347134531249999 0.8479175296875001 0.211185928125 0.8359788640625 0.3302862296875 0.8356377640625 0.3463255265625 0.8390488109375 0.347690565625 0.842118759375 0.323119728125
1 0.834273340625 0.364399859375 0.8331160515624999 0.35531956249999996 0.8197763890624999 0.35962219218749997 0.7677579171875 0.40466875 0.7691223421875 0.4080813671875 0.834273340625 0.364399859375
1 0.3598156953125 0.2348069671875 0.358650675 0.23014479843750002 0.3023418953125 0.3292161125 0.3058369296875 0.3369864125 0.3128269671875 0.32999313125 0.3598156953125 0.2348069671875
1 0.22370377343749998 0.286479465625 0.2951576625 0.3400945296875 0.2967110140625 0.3272735390625 0.22370377343749998 0.286479465625
1 0.2648674265625 0.37156423906249997 0.2648674265625 0.3676790890625 0.1978902453125 0.3520854 0.1982677421875 0.36185136406249996 0.22486877968750002 0.3703987265625 0.2648674265625 0.37156423906249997
1 0.3054485984375 0.375435125 0.386028403125 0.33386401875 0.3852936703125 0.32344083437500004 0.3524372984375 0.3361951171875 0.330496284375 0.350958684375 0.3044777578125 0.3707729421875 0.3054485984375 0.375435125
1 0.189591359375 0.34949409375 0.1918052375 0.3457637328125 0.19110612656249998 0.32571302812499997 0.1640586953125 0.2206095671875 0.1624421234375 0.222894853125 0.184697509375 0.33364003750000004 0.189591359375 0.34949409375
1 0.19017395937499998 0.36670423125 0.18809499999999998 0.36103985 0.16232560468749999 0.4221934078125 0.14811013125 0.46975555 0.14787708593749999 0.4748848109375 0.19017395937499998 0.36670423125
1 0.1900551515625 0.3679750765625 0.188816015625 0.7546987953125 0.1991420453125 0.75635169375 0.1966638359375 0.36708794375 0.1900551515625 0.3679750765625