1 0.28963273125 0.42470493437499995 0.1820585609375 0.35811623593749997 0.17281926718750001 0.3550212109375 0.2076552640625 0.3840316140625 0.262628703125 0.42061351562500005 0.2976958578125 0.44061804687499995 0.3095390140625 0.4412823078125 0.28963273125 0.42470493437499995
1 0.3168882921875 0.45200176093750005 0.307649 0.44890673437500006 0.285179603125 0.4991826890625 0.27880589843750003 0.532967946875 0.2851999796875 0.531393971875 0.2918252203125 0.520814121875 0.3138221125 0.472444271875 0.3168882921875 0.45200176093750005
1 0.3686936703125 0.347969765625 0.3656173015625 0.3523066375 0.3717802265625 0.35973853437500003 0.45638193281249995 0.43019237187500003 0.45898579687499996 0.4277616078125 0.4305438828125 0.397177228125 0.3686936703125 0.347969765625
1 0.4862311703125 0.43895279218749994 0.4146997265625 0.43687333281249996 0.3502762140625 0.4384135609375 0.32339595625 0.44122780156249997 0.325476884375 0.4465360609375 0.344123478125 0.447087303125 0.489548884375 0.4417156875 0.4862311703125 0.43895279218749994
1 0.3229015625 0.597284659375 0.30489548125 0.5891885 0.30892704531250004 0.5971450578125 0.39684646562500003 0.6703617890625 0.3994503296875 0.667931025 0.3544198453125 0.6235321671875 0.3229015625 0.597284659375
1 0.298963715625 0.5727507296875001 0.2992050609375 0.579850496875 0.30938936093749997 0.579133309375 0.3626428140625 0.5176999203125 0.36406032499999996 0.5119816 0.32215715 0.543774075 0.298963715625 0.5727507296875001
1 0.125602959375 0.5627806671875 0.135501246875 0.5669363921875 0.2867506234375 0.5846960125 0.28668630624999997 0.580769396875 0.2642713296875 0.57700645625 0.125602959375 0.5627806671875
1 0.1860899125 0.5960175453125001 0.27852610625 0.6722930109374999 0.2855864921875 0.671020196875 0.2780286140625 0.6638347921875 0.1860899125 0.5960175453125001
1 0.237839228125 0.7457258390625 0.241438884375 0.7465395499999999 0.28728712500000003 0.6930272625 0.2929027796875 0.682422240625 0.2816208171875 0.6786435296875 0.237839228125 0.7457258390625
1 0.30034943593749996 0.6785095703125 0.44364088593749995 0.6842858281249999 0.44437858124999996 0.6824052640625 0.437019075 0.68142406875 0.377115428125 0.6744341046875 0.320470071875 0.6718658703125 0.29784935468749996 0.6743957234375 0.30034943593749996 0.6785095703125
1 0.346765409375 0.3438111109375 0.34467042812500004 0.339752175 0.3203708265625 0.33519449375 0.184015153125 0.3210506703125 0.185742371875 0.32409117187500003 0.3232406953125 0.344884590625 0.346765409375 0.3438111109375
1 0.27019147499999996 0.7858418484375 0.269692190625 0.7822135140625 0.2540468109375 0.7790283734375001 0.135596071875 0.764556409375 0.1471452125 0.7687491046875 0.24560780937499999 0.7834485734375 0.27019147499999996 0.7858418484375
1 0.2790291234375 0.7817252406249999 0.28755972343749997 0.7848463234375 0.34570515625 0.7308447515625 0.3427239921875 0.72876465625 0.28643110312500003 0.769650440625 0.2790291234375 0.7817252406249999
1 0.2723561484375 0.2912263125 0.27659798593749996 0.293385878125 0.38032431718750004 0.26840627499999997 0.3888009109375 0.26311840468750003 0.382106946875 0.2580031859375 0.2723561484375 0.2912263125
1 0.381584309375 0.2520817796875 0.39440025156249997 0.253377953125 0.3596640453125 0.1718843859375 0.381584309375 0.2520817796875
1 0.42849330312499995 0.22986725156249999 0.43226304843749996 0.2307194125 0.4408087046875 0.19142803125000002 0.43895060937499997 0.1635926109375 0.4295660609375 0.1610821546875 0.42849330312499995 0.22986725156249999
1 0.42191265 0.2692026234375 0.396392509375 0.2902487734375 0.3767594703125 0.3084233796875 0.35643536875000004 0.3376912859375 0.3663711921875 0.34069453125 0.42620147812500003 0.2711726859375 0.42191265 0.2692026234375
1 0.414860215625 0.14416124531250002 0.3127887015625 0.0981509953125 0.31018021406249996 0.0992274 0.4056182875 0.1486768890625 0.4249042703125 0.15375705312500001 0.42905940937500003 0.1524146796875 0.414860215625 0.14416124531250002
1 0.440624209375 0.1534867671875 0.44561738906250004 0.1567580921875 0.5608170828125 0.1392075640625 0.555783803125 0.13830995937499999 0.5061954265625 0.1417510296875 0.440624209375 0.1534867671875
1 0.8224153718749999 0.24053479531250002 0.4468792265625 0.15692088906249999 0.444419659375 0.163175896875 0.8215210796875001 0.250974784375 0.8224153718749999 0.24053479531250002