1 0.477333828125 0.197985796875 0.5710674578125 0.104230759375 0.5802535875 0.086220790625 0.570018321875 0.08946815625 0.504823990625 0.14845026875 0.49246919062499994 0.16550875 0.46096590624999995 0.1858470609375 0.3751645859375 0.2603126609375 0.3492011609375 0.2931501546875 0.35599484062500003 0.30692880625 0.38478579218750003 0.297514684375 0.40215588437500005 0.285574084375 0.477333828125 0.197985796875
1 0.32768149062499996 0.2848822890625 0.2970651796875 0.2467937015625 0.09253438281250001 0.0905651078125 0.064813828125 0.0714055125 0.06032310625 0.07366893125 0.290182009375 0.280845740625 0.323578878125 0.3035157625 0.32768149062499996 0.2848822890625
1 0.34740150625 0.327825696875 0.3377590375 0.3339599890625 0.3365309203125 0.4148587734375 0.3530397421875 0.543523325 0.37082809375000003 0.7556456015624999 0.3745213328125 0.7639783859375 0.3748837390625 0.6981701874999999 0.363479696875 0.5267928265624999 0.36083115 0.40770807031249995 0.3548562140625 0.339996896875 0.34740150625 0.327825696875
1 0.6117959046875 0.5246044359375001 0.6207091218749999 0.5245719765625 0.639196578125 0.5228996 0.675851609375 0.49869041562499994 0.74756670625 0.4714644640625 0.7585312265625 0.46211526718749996 0.6382838984375 0.49914824375 0.6068488453125 0.514992178125 0.6117959046875 0.5246044359375001
1 0.5884296171875001 0.512170178125 0.5954962140625 0.5079713234375001 0.5825016484375001 0.4833009421875 0.46366141875 0.34377375468750004 0.47790980625 0.3697236046875 0.5884296171875001 0.512170178125
1 0.5962299109375 0.6273840625 0.6041152515625 0.5692526828125 0.6051174203125 0.545173346875 0.60076315625 0.5384480125 0.5936283312499999 0.54714124375 0.5880672109375 0.5779783765625 0.583192821875 0.689386309375 0.5882081109375 0.6945041921875 0.5818707703125 0.6926012171875 0.5815083640625 0.758409415625 0.5853380609375 0.7577534499999999 0.5919013515625 0.7028369796875 0.5962299109375 0.6273840625
2 0.2945575359375 0.244234759375 0.26373654062499996 0.2196293015625 0.21773321562499998 0.1886589546875 0.0736588171875 0.07586742656249999 0.060984134375 0.072061478125 0.06342355 0.0791147953125 0.091668671875 0.10565569062499999 0.32727211875 0.3118485484375 0.338215378125 0.345835665625 0.33561824218749997 0.39110741718750003 0.3392219890625 0.447270896875 0.353632540625 0.5464102484375 0.37319928125 0.7671932953125 0.37702897812499997 0.7665373296875 0.375932875 0.7129327890625 0.3630233578125 0.5149171484374999 0.3612192609375 0.42407812656250005 0.3744654796875 0.47410731406249995 0.42266545468750005 0.7378013078125 0.4773565515625 0.9949874109374999 0.507037371875 0.9946420437500001 0.36575250625 0.335142075 0.3685330671875 0.3197235078125 0.36556908125 0.30528889062500003 0.40215588437500005 0.285574084375 0.477333828125 0.197985796875 0.5710674578125 0.104230759375 0.5802535875 0.086220790625 0.568103471875 0.0897961390625 0.475099096875 0.17744935 0.38679013125 0.24935600781249997 0.3544211359375 0.2847849046875 0.3391023515625 0.28740876875 0.32642766875 0.28360281718749997 0.2945575359375 0.244234759375
2 0.4697940734375 0.359159859375 0.5921228562499999 0.520502965625 0.5956796375 0.53782450625 0.588796465625 0.571876546875 0.5815083640625 0.758409415625 0.586067315625 0.7516516203125 0.591172096875 0.7089388109375 0.6041834796875001 0.5647583078125 0.689021665625 0.9730940015625 0.704340453125 0.9704701375000001 0.658695090625 0.7481770234375 0.6317463156249999 0.63624296875 0.6117276781250001 0.5290988140625 0.6137107546875 0.5242764531249999 0.639196578125 0.5228996 0.675851609375 0.49869041562499994 0.74756670625 0.4714644640625 0.756616378125 0.46244325000000003 0.74004376875 0.4637876421875 0.6055950218749999 0.5137127078125 0.5923957703125 0.5025254578125 0.574385915625 0.472737196875 0.46366141875 0.34377375468750004 0.4697940734375 0.359159859375
2 1 0.645054071875 0.9577055906249999 0.6356978640625 0.9489288312499999 0.626741571875 0.9416788109375 0.6010872421875 0.8904980328125 0.4918095125 0.8916153984375 0.5020777359374999 0.9443698796875 0.6334993671875 0.9442334234375 0.642488121875 0.9251319078125 0.6846098890625 0.8991472203124999 0.7607836953125 0.9023158921875 0.7617351828125 0.9161292015625 0.732473040625 0.9380112781250001 0.6749327078125 0.9497050515625001 0.6594816796875 1 0.8956333750000001 1 0.844676034375 0.9555860546874999 0.649508978125 0.95948398125 0.644358634375 0.9790888015625001 0.6529544828125 1 0.6543626203125 1 0.645054071875
1 0.11929624531250001 0.7180405640624999 0.23072429218749999 0.7587239234375 0.23970573593750003 0.754197084375 0.20749445937500002 0.7373009109375 0.11929624531250001 0.7180405640624999
1 0.2621593453125 0.7428799890625 0.314243915625 0.624879934375 0.30916039687499997 0.6242564328125 0.287414778125 0.6728080109375 0.27902613125000003 0.6802217734375 0.24677233125 0.7499982296875001 0.2492799765625 0.7525571703125 0.2621593453125 0.7428799890625