1 0.4864430890625 0.28809459375 0.47746544375 0.24889772500000001 0.4584187125 0.1861281921875 0.44079781249999994 0.14487603124999998 0.44109118281250004 0.1546525234375 0.4736043796875 0.2762173609375 0.4836734671875 0.2997900234375 0.4864430890625 0.28809459375
1 0.56450524375 0.302686159375 0.57648435 0.298916459375 0.5798202015625 0.293091471875 0.5458134125 0.29074074843750003 0.49147763125 0.2998809265625 0.49177100156250003 0.3096574171875 0.512120503125 0.3118490625 0.56450524375 0.302686159375
1 0.406907853125 0.4063996890625 0.4278646046875 0.44182686093749995 0.430927596875 0.43990792343749996 0.3881339828125 0.33972410468750003 0.3828265796875 0.331843825 0.37781254531249997 0.33374003750000003 0.406907853125 0.4063996890625
1 0.47926668437500003 0.3349217640625 0.48409839374999997 0.316632996875 0.47964080937500003 0.31326352968750004 0.46923861875000006 0.33871418750000004 0.4492645265625 0.40102921093750005 0.4306957546875 0.47117906249999997 0.43237393593749995 0.4751078390625 0.47926668437500003 0.3349217640625
1 0.6443481296875 0.38961921718750003 0.6736957859375 0.44469027499999997 0.6767587765624999 0.4427713375 0.6322869828125001 0.3386587421875 0.625867628125 0.332720125 0.628405409375 0.352295834375 0.6443481296875 0.38961921718750003
1 0.57765783125 0.338022428125 0.5353421765624999 0.37075799374999996 0.5411952999999999 0.3708261703125 0.615000471875 0.3345481609375 0.618609184375 0.32481711875 0.6119169703125 0.32278455625 0.57765783125 0.338022428125
1 0.6230806296875 0.31286496874999997 0.6268017125 0.3139217890625 0.6533382359375 0.1622102828125 0.65222400625 0.15152380468749999 0.625936203125 0.29009514062499997 0.6230806296875 0.31286496874999997
1 0.7046760671875 0.325470334375 0.709347984375 0.3346459453125 0.7125884328125001 0.32809617343749997 0.6665011734374999 0.2188128203125 0.7046760671875 0.325470334375
1 0.71810506875 0.34465406249999997 0.729818121875 0.341873390625 0.7939522109375 0.310797440625 0.7942113515625 0.307087775 0.717747390625 0.3327162796875 0.71810506875 0.34465406249999997
1 0.700132203125 0.3688131265625 0.68630531875 0.4245977359375 0.6757534953125 0.48467330156250005 0.67457375 0.492084928125 0.6765766484375 0.49184307031249996 0.7122395578125 0.3509113921875 0.709039896875 0.34743637656250004 0.700132203125 0.3688131265625
1 0.3879318296875 0.28871836093750003 0.40762875000000004 0.1496229421875 0.40522927812500004 0.14717194218750002 0.3795277921875 0.2834715203125 0.3768876953125 0.308276928125 0.380151434375 0.3113437453125 0.3879318296875 0.28871836093750003
1 0.8279053234375 0.3242005046875 0.8421919140625 0.2246425125 0.8415167296874999 0.21233985781250003 0.8212713828125 0.3312952 0.8198102671875 0.3473297140625 0.8231223249999999 0.3487343734375 0.8279053234375 0.3242005046875
1 0.747927440625 0.40488016250000003 0.7490520328125 0.4083084828125 0.81718476875 0.36538725312500003 0.8166629921874999 0.356293953125 0.8030370140624999 0.3604411515625 0.747927440625 0.40488016250000003
1 0.2912270609375 0.331826596875 0.2986981359375 0.324915003125 0.35228569374999996 0.23028040781249998 0.351447578125 0.22560491875 0.28827852656249997 0.32401602500000004 0.2912270609375 0.331826596875
1 0.21270955625000001 0.28036655625 0.280342078125 0.334810296875 0.282789346875 0.32200803125 0.21270955625000001 0.28036655625
1 0.182035771875 0.3554386671875 0.20801137500000003 0.3642951125 0.24788593125 0.36592596875 0.2481573171875 0.362041015625 0.1823408515625 0.3456688078125 0.182035771875 0.3554386671875
1 0.28815341562499996 0.3702688375 0.3715510796875 0.3296374265625 0.3715452140625 0.319206221875 0.3378329828125 0.3315775578125 0.314884109375 0.34608508125 0.2875092734375 0.365595596875 0.28815341562499996 0.3702688375
1 0.174231828125 0.34298107187500004 0.1767039171875 0.33927665937499996 0.1774061390625 0.31921883906250004 0.157729275 0.21380600468750002 0.1559547953125 0.216072365625 0.17045064062499998 0.327070878125 0.174231828125 0.34298107187500004
1 0.12439433124999999 0.46275376875 0.12380324375 0.4678800578125 0.173611640625 0.360197115625 0.17193056874999998 0.35450883125 0.1419169578125 0.41535944375 0.12439433124999999 0.46275376875
1 0.155352425 0.7499291421875001 0.1800677890625 0.3606563203125 0.1734041890625 0.3614665125 0.1451528703125 0.7481561796875 0.155352425 0.7499291421875001