1 0.4638671875 0.17277006718750001 0.4482421875 0.1581285359375 0.3720703125 0.1112756359375 0.361328125 0.10981148437499999 0.3740234375 0.12591716875 0.4853515625 0.20205312812499998 0.5771484375 0.275260784375 0.5966796875 0.284045703125 0.626953125 0.2884381625 0.630859375 0.2737966328125 0.5986328125 0.24597772343750002 0.4990234375 0.1874115984375 0.4638671875 0.17277006718750001
1 0.8427734375 0.032211368750000004 0.6728515625 0.2196229671875 0.650390625 0.2620834078125 0.658203125 0.2796532453125 0.6865234375 0.25183433593750004 0.87109375 0.010249071875 0.8662109375 0.008784918749999999 0.8427734375 0.032211368750000004
1 0.650390625 0.3118646125 0.6396484375 0.307472153125 0.634765625 0.32064953125 0.642578125 0.388000575 0.6640625 0.5051328234375 0.6875 0.674974584375 0.701171875 0.7393973203125 0.703125 0.7306124031250001 0.677734375 0.5197743546875 0.66796875 0.39092888124999997 0.650390625 0.3118646125
1 0.26171875 0.5080611296875001 0.2744140625 0.5153818953125 0.3505859375 0.530023425 0.3916015625 0.5475932640625001 0.41015625 0.5461291109374999 0.4189453125 0.5446649578125 0.421875 0.5344158859375 0.3876953125 0.5241668140625 0.26171875 0.5080611296875001
1 0.431640625 0.5256309671875 0.439453125 0.5285592734375 0.51953125 0.3704307375 0.5283203125 0.342611828125 0.439453125 0.49927621093749996 0.431640625 0.5256309671875
1 0.453125 0.592982009375 0.44140625 0.5636989484375 0.4326171875 0.5563781828125001 0.4296875 0.5636989484375 0.435546875 0.587125396875 0.455078125 0.6427632171875 0.474609375 0.715970871875 0.4921875 0.7686803828125 0.49609375 0.7686803828125 0.482421875 0.704257646875 0.4765625 0.707185953125 0.48046875 0.701329340625 0.453125 0.592982009375
2 0.662109375 0.4934195984375 0.689453125 0.689616115625 0.69921875 0.7423256281249999 0.703125 0.7423256281249999 0.677734375 0.5227026609375 0.671875 0.4231402484375 0.6640625 0.36750243125000004 0.65234375 0.3235778375 0.65625 0.2884381625 0.8466796875 0.046852899999999996 0.869140625 0.016105684375000002 0.8701171875 0.008784918749999999 0.8583984375 0.014641529687499998 0.7392578125 0.14934361875 0.7001953125 0.1874115984375 0.6748046875 0.2166946609375 0.6513671875 0.260619253125 0.6396484375 0.2664758671875 0.6240234375 0.2664758671875 0.5849609375 0.237192803125 0.4833984375 0.1815549859375 0.3740234375 0.1112756359375 0.361328125 0.10981148437499999 0.3740234375 0.12591716875 0.4853515625 0.20205312812499998 0.5771484375 0.275260784375 0.6171875 0.2884381625 0.6171875 0.30307969375 0.623046875 0.317721225 0.6171875 0.99708826875 0.646484375 0.99708826875 0.6484375 0.721827484375 0.642578125 0.45535161874999996 0.6455078125 0.40410625937500005 0.662109375 0.4934195984375
2 0.49609375 0.7686803828125 0.451171875 0.587125396875 0.4375 0.5549140296874999 0.4375 0.5373441921875 0.525390625 0.3587175125 0.5283203125 0.342611828125 0.4453125 0.48756298593749997 0.43359375 0.5197743546875 0.4228515625 0.5329517328125 0.2802734375 0.5065969765625 0.263671875 0.5080611296875001 0.2744140625 0.5153818953125 0.3505859375 0.530023425 0.3916015625 0.5475932640625001 0.4169921875 0.5446649578125 0.419921875 0.5490574171875 0.421875 0.657404746875 0.41796875 0.771608690625 0.41796875 0.99708826875 0.43359375 0.99708826875 0.4345703125 0.5827329390625 0.4765625 0.721827484375 0.490234375 0.7628237703125 0.49609375 0.7686803828125
2 0.1806640625 0.8257823546875 0.18359375 0.8243182015625001 0.142578125 0.754038853125 0.115234375 0.715970871875 0.11328125 0.707185953125 0.138671875 0.569555559375 0.1376953125 0.5593064890624999 0.109375 0.674974584375 0.107421875 0.701329340625 0.1005859375 0.7115784125 0.00390625 0.7511105453125 0.0830078125 0.73207655625 0.1005859375 0.72036333125 0.10546875 0.724755790625 0.099609375 0.99708826875 0.111328125 0.99708826875 0.11328125 0.7335407093749999 0.1279296875 0.7467180875 0.1611328125 0.7994275984375 0.1806640625 0.8257823546875
1 0.841796875 0.710114259375 0.943359375 0.651548134375 0.8603515625 0.68522365625 0.83203125 0.707185953125 0.841796875 0.710114259375
1 0.7373046875 0.5915178578125 0.732421875 0.592982009375 0.8076171875 0.6998651875 0.822265625 0.707185953125 0.82421875 0.704257646875 0.7783203125 0.6412990640625 0.7685546875 0.63544245 0.7373046875 0.5915178578125