1 0.819092165625 0.30536237499999996 0.81992699375 0.3004343953125 0.791168771875 0.2872862015625 0.7615757249999999 0.2790659859375 0.7509713046875001 0.2845051390625 0.767949159375 0.2963159921875 0.812225025 0.304744821875 0.819092165625 0.30536237499999996
1 0.6242508515625 0.300904090625 0.5304238671875 0.33804975000000004 0.5237272859375001 0.3432844328125 0.5258517640625 0.3490344359375 0.5503041765625001 0.34873188125 0.6215758109375 0.30983579687499996 0.6242508515625 0.300904090625
1 0.4889756296875 0.292352290625 0.4230001546875 0.2108174765625 0.422279034375 0.21964694843750002 0.5099930015624999 0.3420493296875 0.515797903125 0.33979188125 0.5136165734375 0.33209113281249997 0.4889756296875 0.292352290625
1 0.846883884375 0.285347896875 0.8882782046875001 0.22847787187500002 0.8975361203125001 0.21040999375 0.8944062562499999 0.203735734375 0.8782812 0.2211860625 0.846883884375 0.285347896875
1 0.698637315625 0.1338763609375 0.7428713640625 0.2751603484375 0.7506870375 0.2747514109375 0.737599046875 0.22854692656250003 0.698637315625 0.1338763609375
1 0.405465865625 0.4149218109375 0.4338261140625 0.4144147875 0.44543592031249996 0.4098998921875 0.39647424375 0.40855425624999997 0.405465865625 0.4149218109375
1 0.7341435578125 0.3104660265625 0.7161198296875 0.40402085468750004 0.7190505203125 0.405441625 0.7483672203125 0.2847979578125 0.7450636984375001 0.28293165 0.7341435578125 0.3104660265625
1 0.8982062296875 0.1988432328125 0.8933256109375 0.16656645 0.8879536937499999 0.126444634375 0.8752198203124999 0.07285515000000001 0.8711697609375 0.073277428125 0.89407875 0.20142040468750003 0.8982062296875 0.1988432328125
1 0.242321165625 0.4908613203125 0.2420937515625 0.48305833906249995 0.22712666874999998 0.473095996875 0.10577720156249999 0.405203959375 0.097069846875 0.40859013125 0.130361290625 0.44299205625000004 0.23450548906250002 0.4912702578125 0.242321165625 0.4908613203125
1 0 0.5509153 0.0782697515625 0.4349721640625 0.08568745312500001 0.4209080078125 0.0825007359375 0.41228300625000003 0.05102859375 0.440304934375 0 0.5222492937500001 0 0.5509153
1 0.0870159875 0.399347575 0.09667187499999999 0.3949349125 0.0847418578125 0.32131775937499996 0.0478686609375 0.164018871875 0.04536418125 0.1788028140625 0.0870159875 0.399347575
1 0.36629828125 0.333850153125 0.391372803125 0.40311194375000003 0.3946320375 0.40170527500000003 0.36629828125 0.333850153125
1 0.37300631093750003 0.47620864531249996 0.3937423515625 0.41553521718750003 0.3832516390625 0.424875859375 0.37300631093750003 0.47620864531249996
1 0.648870884375 0.4070705125 0.6943226953125 0.4222758328125 0.6961060546875 0.4163213640625 0.685160515625 0.41005604375000004 0.648870884375 0.4070705125
1 0.270969278125 0.524420153125 0.290622021875 0.475978765625 0.2884293421875 0.474727415625 0.267138303125 0.521868959375 0.270969278125 0.524420153125
1 0.28997850000000003 0.5794406984375 0.27065341875 0.5267262171875 0.2678344328125 0.52856820625 0.2875397703125 0.581694565625 0.28997850000000003 0.5794406984375