1 0.7744576125 0.7834350265625 0.763005471875 0.7798694296875001 0.7554912890625001 0.7856883484375 0.71756450625 0.82749255 0.679748615625 0.9242758765625 0.648828478125 0.9837459671875 0.649546071875 0.9956243015625 0.683534896875 0.9444355890624999 0.682408928125 0.9364260765625 0.7570314984375 0.8271265921875001 0.7768612234375001 0.7886788515625 0.7744576125 0.7834350265625
1 0.5018347125 0.5646895468750001 0.4938596390625 0.5655365046874999 0.6683137921875 0.705765740625 0.766430025 0.775441196875 0.7650473546875001 0.7605253109375 0.7112578515625 0.7098123328125 0.5018347125 0.5646895468750001
1 0.945428553125 0.55511695 0.9571373937500001 0.5655889171874999 0.9013233265625 0.3192755171875 0.8956468359375 0.3076847265625 0.8796966875000001 0.309378640625 0.8792475312500001 0.3790017875 0.9002149562499999 0.42315866875 0.945428553125 0.55511695
1 0.7799648296874999 0.6939083484374999 0.7603683421875 0.59007224375 0.7546393375 0.56964066875 0.7442606515625 0.5652437984375001 0.74165871875 0.599231940625 0.7799648296874999 0.6939083484374999
1 0.8845505593749999 0.2914095234375 0.8528019359375 0.2840221515625 0.7585244999999999 0.243347190625 0.5154742625 0.1740010640625 0.49778558124999994 0.17348870156250001 0.5410388562499999 0.193282453125 0.8036213359375 0.283028790625 0.8845505593749999 0.2914095234375
1 0.748566503125 0.5530104984374999 0.753862040625 0.558227328125 0.7907581546875 0.54951563125 0.9032960390625 0.49671893593750005 0.9012067328125 0.491569059375 0.748566503125 0.5530104984374999
1 0.7393735140625 0.5597804078124999 0.7421014390625 0.55523880625 0.7426227 0.5548116796875 0.6887790125000001 0.5321116703125 0.545563896875 0.4914816328125 0.7393735140625 0.5597804078124999
1 0.6761581156250001 0.40457624062499997 0.7469232171875 0.47147878125 0.7445791328125 0.46786035468750004 0.6714419281249999 0.38108978125 0.664865234375 0.38375007499999997 0.6724472546875 0.3928675078125 0.6761581156250001 0.40457624062499997
1 0.6678483421875 0.3725304859375 0.67288693125 0.37592107656249996 0.6885578859375 0.3637916015625 0.741125759375 0.3027980625 0.7374312640625 0.30125641718749996 0.6678483421875 0.3725304859375
1 0.84783130625 0.2097145875 0.8501824062500001 0.20611762968749997 0.8228267640625001 0.175789178125 0.7257839859375 0.10528244687499999 0.8300901125 0.2003614390625 0.84783130625 0.2097145875
1 0.5755765640625 0.7065290203125 0.58984069375 0.71146961875 0.5698475625 0.6860974468750001 0.5003121 0.63514396875 0.5105391109374999 0.6503160343750001 0.5755765640625 0.7065290203125
1 1 0.20600699374999998 0.8603303296875 0.20964739531249998 0.8613893015625 0.21571566406249998 0.8949726015625 0.21956951875000003 1 0.20836848125000001 1 0.20600699374999998