1 0.7928502390625 0.65792423125 0.780964521875 0.6583813875 0.7750044625 0.6664618640625 0.7477240671875001 0.71910498125 0.7329412296875 0.8241430859375001 0.7164223546875 0.8912736156250001 0.7197936984375 0.902359996875 0.7411484374999999 0.8420935578125001 0.7382538000000001 0.8348343453125 0.7858335515625 0.7054617624999999 0.7963579609375 0.6621155062499999 0.7928502390625 0.65792423125
1 0.4797377265625 0.5411429890624999 0.4722111703125 0.5446370671875 0.67263178125 0.6196066921875001 0.78328048125 0.6530047437500001 0.7785809953125 0.6392455453125 0.7151004249999999 0.6090003953124999 0.4797377265625 0.5411429890624999
1 0.9068433328125 0.3825919734375 0.9205338953125001 0.38863480156249997 0.8110131171875 0.1725319390625 0.8029078828125 0.163390159375 0.7878547703125001 0.17037831406249998 0.8031105875 0.2369276203125 0.8333519453125 0.2719762859375 0.9068433328125 0.3825919734375
1 0.778003559375 0.57068960625 0.7356393734375 0.47826443125000007 0.7254909390625001 0.4607090828125 0.7144566609375 0.4600118859375 0.7195984484375 0.4933020484375 0.778003559375 0.57068960625
1 0.7885022609375001 0.1516065796875 0.7561144843750001 0.1552557390625 0.6557161921875 0.1482217265625 0.40489000468749997 0.163957878125 0.3876573125 0.169427571875 0.43397400468749997 0.1737348234375 0.708298865625 0.1708745734375 0.7885022609375001 0.1516065796875
1 0.715866475 0.4468948640625 0.7221666109375 0.45008626874999996 0.7559074531250001 0.42934989218749997 0.8529112328125 0.34109119374999997 0.849728834375 0.3368836421875 0.715866475 0.4468948640625
1 0.7084961640625 0.456447775 0.71011245 0.45119767031249997 0.7105206125 0.45061474375 0.6533006875 0.4471031765625 0.505555840625 0.4565963625 0.7084961640625 0.456447775
1 0.6123457921875 0.3297268109375 0.695902065625 0.369693453125 0.692818253125 0.3670322328125 0.60248899375 0.30891692656249997 0.5967242984375 0.3136693078125 0.6061161015625001 0.3198104390625 0.6123457921875 0.3297268109375
1 0.59708255625 0.3019646015625 0.6027224796875 0.3035009125 0.6151536328125 0.2866546421875 0.652277553125 0.21077932968750002 0.6483549859375 0.21055356406249998 0.59708255625 0.3019646015625
1 0.7345582828125 0.0860646328125 0.736022803125 0.081842340625 0.7027160218749999 0.0621333671875 0.5929187578125 0.0275809625 0.715282390625 0.08312075937499999 0.7345582828125 0.0860646328125
1 0.5830625765625 0.6515725781249999 0.597979309375 0.6514795296875 0.5729141421875 0.6340172296875 0.4941421046875 0.60884665 0.5074579359375 0.6198710000000001 0.5830625765625 0.6515725781249999
1 0.7466383640625 0.081790334375 0.749030684375 0.0872207953125 0.7823975421875 0.07958380312499999 0.909161096875 0.0206722140625 0.7466383640625 0.081790334375