1 0.265625 0.2197265625 0.263671875 0.2080078125 0.2587890625 0.205078125 0.2177734375 0.220703125 0.0986328125 0.283203125 0.0908203125 0.28125 0.03515625 0.3095703125 0.046875 0.3115234375 0.1103515625 0.287109375 0.2119140625 0.259765625 0.2587890625 0.2265625 0.265625 0.2197265625
1 0.2705078125 0.216796875 0.326171875 0.3212890625 0.44140625 0.5087890625 0.443359375 0.5009765625 0.328125 0.2783203125 0.28515625 0.2197265625 0.2705078125 0.216796875
1 0.5146484375 0.0625 0.6396484375 0.12109375 0.6806640625 0.146484375 0.75 0.1533203125 0.75390625 0.1376953125 0.7431640625 0.130859375 0.505859375 0.0498046875 0.5146484375 0.0625
1 0.4423828125 0.259765625 0.4765625 0.2607421875 0.4736328125 0.25 0.4541015625 0.2421875 0.353515625 0.2119140625 0.4423828125 0.259765625
1 0.7685546875 0.150390625 0.765625 0.2314453125 0.818359375 0.5009765625 0.83203125 0.5458984375 0.833984375 0.5283203125 0.798828125 0.2802734375 0.771484375 0.1826171875 0.7685546875 0.150390625
1 0.571719796875 0.112957075 0.5668866984375 0.1103486015625 0.49868581875 0.2163209390625 0.484880590625 0.25196365 0.48933388125 0.2577556046875 0.571719796875 0.112957075
1 0.522288240625 0.46530896093749996 0.5018031093750001 0.3191738328125 0.4867141515625 0.26345589375 0.48621659062499994 0.26392764999999996 0.481317978125 0.26615531875 0.522288240625 0.46530896093749996
1 0.6496523875 0.35214334687500004 0.5735010859375 0.2706106578125 0.5702272203125001 0.26790992343750003 0.6269405765625 0.3450147953125 0.6380738046875 0.349915678125 0.646089740625 0.3583808109375 0.6496523875 0.35214334687500004
1 0.73827285 0.29511501406249996 0.7372533578125 0.2912935828125 0.669246840625 0.3369951890625 0.6549963234375 0.3512522765625 0.657668325 0.3565986859375 0.73827285 0.29511501406249996
1 0.8515625 0.2138671875 0.931640625 0.3271484375 0.875 0.2236328125 0.8486328125 0.193359375 0.8447265625 0.1953125 0.8515625 0.2138671875
1 0.359375 0.4833984375 0.373046875 0.4951171875 0.33203125 0.4208984375 0.3095703125 0.3984375 0.3125 0.4130859375 0.359375 0.4833984375
1 0.8744432421875 0.0159907828125 0.8414849359375 0.14757805 0.8406434031250001 0.18125274375 0.8465337406250001 0.182936484375 0.8744432421875 0.0159907828125