1 0.8067794906250001 0.3286349109375 0.6106741453125 0.36960259687499997 0.551090353125 0.3854238671875 0.5459803546875001 0.39394880468750004 0.6101816078125 0.3853495546875 0.8067794906250001 0.3286349109375
1 0.5440348609375001 0.39420938906249997 0.5316615875 0.3988068765625 0.5080570828125001 0.4411709828125 0.45794366875000003 0.568430875 0.5196007421875 0.45922603593750005 0.5440348609375001 0.39420938906249997
1 0.4864212140625 0.347042821875 0.3613371640625 0.2736311578125 0.359754909375 0.2777633359375 0.515526628125 0.3843069765625 0.5279260609375 0.390486665625 0.5364083484375 0.38641034375 0.4864212140625 0.347042821875
1 0.5876376421875 0.28154240937499997 0.477053975 0.20520847187500002 0.4522551078125 0.19284909687500001 0.44890898124999995 0.19917765468749998 0.463980384375 0.21283994687500002 0.5876376421875 0.28154240937499997
1 0.4573389453125 0.1735469828125 0.50125264375 0.0431972484375 0.4418011671875 0.186408825 0.4478192640625 0.187562871875 0.4573389453125 0.1735469828125
1 0.6428716156250001 0.6602885890625 0.549437159375 0.72474666875 0.501760265625 0.7624945859375 0.49859575781250004 0.770758940625 0.5268700484375 0.75717120625 0.6428716156250001 0.6602885890625
1 0.5393233125 0.8584096750000001 0.5160020546874999 0.7988094203125 0.5033948406250001 0.779916759375 0.49633934843749994 0.78870228125 0.54541989375 0.8918952484375 0.5393233125 0.8584096750000001
1 0.49801870312499996 0.46015665625 0.411716715625 0.474656309375 0.36964235625 0.48813232968750003 0.49801870312499996 0.46015665625
1 0.4897502328125 0.7709636671875 0.307469603125 0.7493158125 0.29403277499999997 0.7530756921874999 0.46941337031249997 0.7746676921875 0.4897502328125 0.7709636671875
1 0.416056965625 0.8778604109374999 0.40562918437500006 0.8821973156249999 0.373231475 0.9463205 0.416056965625 0.8778604109374999
1 0.4612666515625 0.6983340015625 0.3836024078125 0.6999159546875 0.3625652296875 0.7066539656249999 0.4612666515625 0.6983340015625
1 0.41797629531249997 0.866822653125 0.3392993109375 0.815616921875 0.327263115625 0.813308828125 0.4031126734375 0.8658733328125001 0.41797629531249997 0.866822653125